# callgrind format
version: 1
creator: callgrind-3.13.0
pid: 101776
cmd:  ./um0 /csc/411/um/midmark.um
part: 1


desc: I1 cache: 
desc: D1 cache: 
desc: LL cache: 

desc: Timerange: Basic block 0 - 3456317686
desc: Trigger: Program termination

positions: line
events: Ir
summary: 23405087411


ob=(1) /lib/x86_64-linux-gnu/ld-2.27.so
fl=(12) /build/glibc-OTsEL5/glibc-2.27/elf/../sysdeps/unix/sysv/linux/x86_64/brk.c
fn=(22) brk
31 7
+8 1
-6 2
+7 1

fl=(13) /build/glibc-OTsEL5/glibc-2.27/string/../sysdeps/x86_64/multiarch/../strlen.S
fn=(28) strlen
79 14
+1 14
+1 14
+1 14
+1 14
+1 14
+1 14
+2 14
+2 14
+31 14
+1 14
+1 14
+1 14
+1 14
+1 8
+2 8
+4 6
+1 6
+1 6
+1 6
+1 6
+1 6
+1 6
+1 6
+1 6
+1 6
+1 6
+1 6
+5 48

fl=(2) /build/glibc-OTsEL5/glibc-2.27/elf/rtld.c
fn=(2) _dl_start
444 9
+19 4
fi=(3) /build/glibc-OTsEL5/glibc-2.27/elf/get-dynamic-info.h
48 1
fe=(2)
463 1
fi=(5) /build/glibc-OTsEL5/glibc-2.27/elf/../sysdeps/x86_64/dl-machine.h
59 3
fi=(3)
-11 1
fe=(2)
489 1
-3 1
fi=(3)
48 1
+25 2
-3 1
-7 1
+5 1
+3 1
+2 1
-6 1
+3 1
-3 2
-3 16
+10 4
-26 12
+16 13
+10 13
-26 39
+26 1
-26 3
+2 36
+13 20
+2 4
+16 2
+20 4
+1 4
+1 4
+1 4
+2 4
+5 4
+1 4
+1 4
+6 3
+5 2
+7 3
+1 3
+8 3
+3 3
+4 2
+1 2
fe=(2)
500 2
393 1
507 1
393 1
cfi=(6) /build/glibc-OTsEL5/glibc-2.27/elf/dl-lookup.c
cfn=(10) _dl_setup_hash
calls=1 939 
* 23
+1 2
+1 2
+1 2
+1 2
+8 1
+9 1
-9 3
+9 1
-6 1
-3 1
+9 1
cfi=(7) /build/glibc-OTsEL5/glibc-2.27/elf/../elf/dl-sysdep.c
cfn=(12) _dl_sysdep_start
calls=1 88 
* 107705
* 1
+9 4
+3 1
+4 1
-4 1
+4 1
532 9
-27 27
fi=(4) /build/glibc-OTsEL5/glibc-2.27/elf/do-rel.h
84 1
+27 1
-28 1
+28 2
+1 2
fi=(5)
540 2
fi=(4)
112 76
fi=(5)
540 76
+1 39
fi=(4)
111 39
fi=(5)
541 39
fi=(4)
111 39
fi=(5)
541 39
fi=(4)
111 39
+5 2
+8 1
fi=(5)
335 1
+87 1
fi=(4)
124 2
+12 1
+3 1
-3 1
+3 1
-3 1
fi=(5)
301 1
fi=(4)
137 1
fi=(5)
301 1
fi=(4)
137 1
fi=(5)
301 1
fi=(4)
136 8
+3 8
-3 8
+3 8
-3 8
fi=(5)
301 8
fi=(4)
137 8
fi=(5)
301 8
fi=(4)
137 8
fi=(5)
301 8
+9 27
+3 9
-3 18
+3 27
+22 54
fi=(3)
68 4
fi=(4)
+56 28
fi=(5)
354 27
fi=(3)
71 4
+1 1
+1 2
fe=(2)

fn=(32) dl_main
870 1
+17 1
-17 10
+17 1
+4 1
-21 1
2471 1
891 1
+1 1
2466 1
892 1
+5 1
2471 1
897 1
2464 2
+7 3
-4 1
+4 3
+2 2
cfi=(15) /build/glibc-OTsEL5/glibc-2.27/elf/dl-environ.c
cfn=(34) _dl_next_ld_env_entry
calls=1 29 
* 54
* 4
cfi=(15)
cfn=(34)
calls=2 29 
* 224
* 9
+4 6
-2 2
+2 42
+1 19
-1 57
+3 4
+6 14
+76 3
+1 4
cfi=(16) /build/glibc-OTsEL5/glibc-2.27/string/../sysdeps/x86_64/memcmp.S
cfn=(36) bcmp
calls=1 24 
* 31
* 2
-56 2
+7 4
cfi=(16)
cfn=(36)
calls=1 24 
* 36
* 2
+2 3
2635 3
+32 3
907 3
1108 7
cfi=(17) /build/glibc-OTsEL5/glibc-2.27/elf/dl-object.c
cfn=(38) _dl_new_object
calls=1 59 
* 230
+2 1
-2 1
+2 1
+1 1
+1 1
+5 2
-5 1
+1 2
+4 1
cfi=(17)
cfn=(50) _dl_add_to_namespace_list
calls=1 31 
* 33
+1 2
879 1
1147 1
-3 1
-5 1
+1 1
+2 1
+5 5
+56 2
876 1
1166 1
+22 1
+15 2
-55 24
-1 27
+1 47
1250 3
+3 2
+2 2
+2 3
+13 3
+3 2
-2 1
+2 1
-2 3
cfi=(21) /build/glibc-OTsEL5/glibc-2.27/string/../sysdeps/x86_64/strcmp.S
cfn=(56) strcmp
calls=1 144 
* 50
* 2
+7 1
+3 1
-5 1
+3 1
-3 1
+5 1
+1 2
+4 2
+2 2
fi=(3)
33 1
+9 2
+6 1
-2 1
+2 2
+15 1
+5 1
+3 1
+2 1
-3 1
-3 1
-3 1
-14 46
+13 16
+1 12
+10 3
-26 9
+16 19
+10 19
-26 57
+26 1
-26 3
+33 3
+38 3
+5 2
+7 2
+1 3
+18 3
+14 3
+18 2
fe=(2)
1293 2
cfi=(6)
cfn=(10)
calls=1 939 
* 23
+3 2
fi=(22) /build/glibc-OTsEL5/glibc-2.27/elf/setup-vdso.h
24 2
fe=(2)
1318 1
cfi=(11) /build/glibc-OTsEL5/glibc-2.27/elf/../sysdeps/unix/sysv/linux/dl-sysdep.c
cfn=(62) _dl_discover_osversion
calls=1 45 
* 87
* 9
-6 5
1167 2
+9 1
-7 1
-3 1
+10 1
+18 2
-37 3
+1 1
-6 3
+1 1
fi=(3)
65 4
+3 4
fe=(2)
1203 2
-1 2
+1 4
-1 2
+2 4
+1 1
+3 2
+1 2
-1 2
+1 2
+1 2
+1 6
+1 2
+31 2
+1 2
+1 1
-6 2
+1 1
fi=(3)
71 4
+1 1
+1 3
fe=(2)
1323 2
cfi=(24) /build/glibc-OTsEL5/glibc-2.27/elf/dl-load.c
cfn=(66) _dl_init_paths
calls=1 623 
* 1740
+3 3
cfi=(31) /build/glibc-OTsEL5/glibc-2.27/elf/dl-debug.c
cfn=(92) _dl_debug_initialize
calls=1 49 
* 17
+7 1
-7 1
+2 1
+5 1
+3 3
+1 1
+3 1
-3 3
+1 2
+3 1
+5 1
-7 1
+7 1
+1 5
+17 2
+1 2
+5 1
-3 3
+2 1
+1 2
+5 2
+1 5
-1 2
+3 2
+1 2
+5 2
+6 4
+1 1
-2 1
885 1
1391 1
1570 1
cfi=(32) /build/glibc-OTsEL5/glibc-2.27/elf/../elf/dl-tls.c
cfn=(94) _dl_count_modids
calls=1 113 
* 4
* 1
+8 3
+3 2
+4 3
+5 2
+1 1
cfi=(31)
cfn=(96) _dl_debug_state
calls=1 74 
* 1
+1 1
+4 2
+15 3
+4 1
-2 1
+2 2
+2 3
+1 1
-1 2
+1 1
cfn=(98) handle_ld_preload
calls=1 837 
* 2506
* 1
+1 4
+2 2
+10 3
cfi=(47) /build/glibc-OTsEL5/glibc-2.27/io/../sysdeps/unix/sysv/linux/access.c
cfn=(144) access
calls=1 27 
* 8
* 2
+77 1
-96 1
+96 3
+17 3
+1 1
-1 1
+1 2
-1 1
+1 5
cfi=(48) /build/glibc-OTsEL5/glibc-2.27/elf/dl-deps.c
cfn=(146) _dl_map_object_deps
calls=1 159 
* 7082
+1 4
+5 1
-3 2
+3 2
+1 7
-1 2
+1 9
-1 6
+4 3
+1 3
+1 1
+2 2
+1 5
-1 4
+1 6
-1 6
+47 2
+2 2
-1 1
-1 2
+2 4
cfi=(34) /build/glibc-OTsEL5/glibc-2.27/elf/dl-error-skeleton.c
cfn=(166) _dl_receive_error
calls=1 226 
* 3036
+10 1
+1 1
-1 1
+1 1
+1 1
cfn=(174) init_tls
calls=1 687 
* 542
* 1
+2 2
799 1
fi=(140) /build/glibc-OTsEL5/glibc-2.27/elf/../sysdeps/unix/sysv/linux/dl-osinfo.h
64 2
fe=(2)
801 1
fi=(140)
77 1
fe=(2)
810 1
+7 1
-5 1
1808 2
2038 3
2161 3
+7 1
+2 3
+1 1
-1 2
+2 10
+2 4
-2 8
+2 4
+5 8
+2 8
+6 4
+2 8
+1 24
cfi=(54) /build/glibc-OTsEL5/glibc-2.27/elf/dl-reloc.c
cfn=(180) _dl_relocate_object
calls=3 148 
* 69477
+4 10
+1 2
cfi=(32)
cfn=(278) _dl_add_to_slotinfo
calls=1 887 
* 20
* 1
-12 1
+1 1
-3 2
+29 4
+2 1
+7 3
cfi=(32)
cfn=(280) _dl_allocate_tls_init
calls=1 437 
* 149
+3 2
-25 4
+2 2
+6 1
-6 1
+6 1
+26 3
+2 4
+15 1
+2 1
-2 2
+3 1
-3 1
+3 1
-3 1
+3 3
cfi=(54)
cfn=(180)
calls=1 148 
* 6191
+1 4
+2 2
+8 1
cfi=(7)
cfn=(282) _dl_sysdep_start_cleanup
calls=1 260 
* 1
+4 2
+20 3
cfi=(31)
cfn=(92)
calls=1 49 
* 8
+1 1
-1 1
+2 1
cfi=(31)
cfn=(96)
calls=1 74 
* 1
+1 1
+4 1
cfi=(50) /build/glibc-OTsEL5/glibc-2.27/elf/dl-cache.c
cfn=(284) _dl_unload_cache
calls=1 326 
* 15
+5 8
2094 1
+13 1
-9 1
-4 1
+10 1
-6 1
+6 1
+3 1
1753 1
+1 1
-1 2
+1 1
+2 1
+2 3
+2 1
-4 1
+4 2
+14 4
+1 2
+1 3
-64 5
+1 1
-1 3
+4 3
+1 1
+1 2
+1 2
+32 2
2565 3

fn=(168) version_check_doit
621 2
+2 4
cfi=(53) /build/glibc-OTsEL5/glibc-2.27/elf/dl-version.c
cfn=(170) _dl_check_all_versions
calls=1 362 
* 3011
* 2
+4 2

fn=(174)
687 1
-6 1
+2 2
+4 1
+10 4
cfi=(19) /build/glibc-OTsEL5/glibc-2.27/elf/dl-minimal.c
cfn=(42) calloc
calls=1 92 
* 27
* 1
+11 1
-15 1
+3 1
+6 1
+2 1
-11 1
+15 1
+2 1
-1 1
+1 15
+2 8
+4 1
+2 1
-2 1
-5 8
+9 2
+3 1
cfi=(32)
cfn=(176) _dl_determine_tlsoffset
calls=1 141 
* 66
+7 1
cfi=(32)
cfn=(178) _dl_allocate_tls_storage
calls=1 332 
* 375
+1 1
-1 1
+1 1
+6 1
+3 1
-3 1
+3 6
+3 1
+2 1
+1 3

fn=(98)
837 8
+1 1
-1 1
-75 1
+86 1
-86 4
+80 2
+3 3
cfi=(33) /build/glibc-OTsEL5/glibc-2.27/string/../sysdeps/x86_64/strcspn.S
cfn=(100) strcspn
calls=1 30 
* 218
* 1
+1 3
+9 1
121 1
857 2
121 2
859 2
-97 5
-10 1
+4 1
+1 1
+1 1
+2 1
+2 1
cfi=(34)
cfn=(104) _dl_catch_error
calls=1 213 
* 2201
* 1
+1 3
+8 4
+71 2
+21 9
-15 4
cfi=(20) /build/glibc-OTsEL5/glibc-2.27/string/../sysdeps/x86_64/multiarch/memmove-vec-unaligned-erms.S
cfn=(48) memcpy
calls=1 129 
* 18
+1 2

fn=(112) map_doit
588 1
+2 1
-2 1
+3 2
-1 3
+1 3
cfi=(24)
cfn=(114) _dl_map_object
calls=1 2080 
* 2113
* 1
+2 2

fn=(52) rtld_lock_default_lock_recursive
784 5
+1 5

fn=(54) rtld_lock_default_unlock_recursive
790 5
+1 5

fl=(95) /build/glibc-OTsEL5/glibc-2.27/elf/../sysdeps/x86_64/dl-trampoline.h
fn=(360) _dl_runtime_resolve_xsave
71 10
+3 10
+2 10
+10 10
+6 10
+1 10
+1 10
+1 10
+1 10
+1 10
+1 10
+4 10
+1 10
+3 10
+1 10
+2 10
+1 10
+1 10
+1 10
+1 10
+1 10
+2 10
+7 10
+1 10
+1 10
cfi=(96) /build/glibc-OTsEL5/glibc-2.27/elf/../elf/dl-runtime.c
cfn=(362) _dl_fixup
calls=10 -59 
* 8891
+1 10
+5 10
+1 10
+1 10
+2 10
+1 10
+1 10
+1 10
+1 10
+1 10
+1 10
+2 10
+2 10
+4 10
+3 10

fn=(361) _dl_runtime_resolve_xsave'2
71 2
+3 2
+2 2
+10 2
+6 2
+1 2
+1 2
+1 2
+1 2
+1 2
+1 2
+4 2
+1 2
+3 2
+1 2
+2 2
+1 2
+1 2
+1 2
+1 2
+1 2
+2 2
+7 2
+1 2
+1 2
cfi=(96)
cfn=(362)
calls=2 -59 
* 2001
+1 2
+5 2
+1 2
+1 2
+2 2
+1 2
+1 2
+1 2
+1 2
+1 2
+1 2
+2 2
+2 2
+4 2
+3 2

fl=(14) /build/glibc-OTsEL5/glibc-2.27/elf/../misc/sbrk.c
fn=(30) sbrk
32 4
+8 6
+4 2
+16 5

fl=(41) /build/glibc-OTsEL5/glibc-2.27/io/../sysdeps/unix/sysv/linux/wordsize-64/fxstat.c
fn=(130) _fxstat
34 3
-1 3
+1 3
+1 18
+4 3

fl=(44) /build/glibc-OTsEL5/glibc-2.27/misc/../sysdeps/unix/syscall-template.S
fn=(286) munmap
78 4
+1 1

fn=(136) mprotect
78 24
+1 6

fl=(8) /build/glibc-OTsEL5/glibc-2.27/elf/../sysdeps/x86/cpu-features.c
fn=(24) get_common_indeces.constprop.1
34 2
+4 4
+3 3
+4 1
-4 1
+4 1
-4 1
+3 1
+1 2
+1 4
+1 4
+1 3
+1 2
+7 2
+1 7
+7 3
+4 2
+2 4
+40 2
+4 4
+1 2
+3 1
+7 1
-8 1
+4 1
+2 1
-2 1
+4 2
+3 2
+50 3
74 2
+3 3
+3 1
-3 1
+3 1
+2 3
+2 2
+7 3
-5 3

fl=(48)
fn=(148) openaux
60 4
+7 2
-4 6
+1 2
-1 2
+1 2
-1 10
cfi=(24)
cfn=(114)
calls=2 2080 
* 5610
* 2
+5 4

fn=(146)
159 1
-1 1
+1 1
-1 5
+1 1
-1 2
+1 1
-1 2
+1 1
-1 1
+1 1
-8 1
+8 2
-8 1
-6 1
+14 1
-8 1
+24 1
-32 1
+1 1
+1 1
+6 1
+24 2
-28 2
-2 1
+31 1
-33 3
+2 2
-1 1
+1 2
+6 3
+24 1
-24 1
+24 7
+4 1
+19 1
+2 2
-14 1
-1 1
+13 5
+11 1
+4 4
-4 3
+4 12
+12 12
+2 2
+8 2
-8 2
+6 2
-6 2
+6 2
+1 2
+4 2
-3 2
-3 2
+2 2
+4 8
+66 2
-98 2
+98 2
-66 4
+7 10
cfi=(29) /build/glibc-OTsEL5/glibc-2.27/string/../sysdeps/x86_64/multiarch/../strchr.S
cfn=(84) index
calls=2 24 
* 70
* 4
+4 6
-2 2
+2 2
cfi=(34)
cfn=(108) _dl_catch_exception
calls=2 -74 
* 5746
* 2
+1 4
+9 2
+2 4
+5 2
+6 2
+2 2
-8 4
+3 2
+1 2
+1 2
+1 2
+4 10
+4 4
+1 3
-43 192
+1 96
+44 138
434 4
+2 6
+3 4
-1 2
cfi=(19)
cfn=(46) malloc
calls=2 50 
* 36
* 2
+2 2
-2 2
+2 2
+3 2
+1 8
-1 2
+1 2
cfi=(20)
cfn=(48)
calls=2 129 
* 20
+1 10
cfi=(20)
cfn=(48)
calls=2 129 
* 20
+4 2
-1 2
+5 28
+7 6
+4 4
+11 3
-1 1
cfi=(19)
cfn=(46)
calls=1 50 
* 18
* 1
+3 1
-3 1
+3 4
+5 1
+1 1
-1 1
+3 2
-3 4
+9 2
+4 3
-10 3
-3 3
+9 6
+4 9
-10 9
+13 2
+51 2
+2 1
-1 1
+1 2
+35 7
cfi=(20)
cfn=(48)
calls=1 129 
* 10
+4 5
cfi=(52) /build/glibc-OTsEL5/glibc-2.27/elf/dl-sort-maps.c
cfn=(164) _dl_sort_maps
calls=1 28 
* 232
+3 1
+3 1
-1 1
+2 4
+7 3
+3 2
+3 8
225 8
-19 2
434 5
+27 2
214 25
+2 2
+2 8
+2 26
456 9
-1 4
+1 10
199 3
573 6

fl=(24)
fn=(114)
2080 21
+8 3
-8 6
+8 3
+1 12
+3 42
+5 49
+2 21
cfi=(36) /build/glibc-OTsEL5/glibc-2.27/elf/dl-misc.c
cfn=(116) _dl_name_match_p
calls=7 282 
* 919
* 14
+4 12
+1 18
+3 2
+1 2
+1 2
-1 2
+1 2
cfi=(21)
cfn=(56)
calls=2 144 
* 74
* 4
2391 27
2125 6
+10 6
-53 2
+89 4
-2 2
+2 2
cfi=(29)
cfn=(84)
calls=2 24 
* 46
* 4
2322 5
cfn=(82) expand_dynamic_string_token
calls=1 320 
* 154
* 1
-2 1
+3 5
+4 9
cfn=(118) open_verify.constprop.7
calls=1 1598 
* 208
+3 2
-3 1
+3 3
+12 3
+46 1
+1 3
-1 1
+1 9
cfn=(126) _dl_map_object_from_fd
calls=1 808 
* 1347
-1 1
+1 3
-1 1
+1 9
cfn=(126)
calls=1 808 
* 1694
* 6
2171 1
+4 2
cfi=(13)
cfn=(28)
calls=1 79 
* 16
* 1
+2 1
-2 1
+2 1
+7 4
+36 12
cfn=(150) open_path
calls=1 1932 
* 1347
+6 2
-6 1
+6 3
601 3
2314 2
+28 4
+2 2
-95 1
-14 1
+14 1
+2 3
+4 2
cfi=(50)
cfn=(154) _dl_load_cache_lookup
calls=1 187 
* 1253
+2 1
-2 1
+2 1
+4 2
+8 3
+23 10
cfn=(118)
calls=1 1598 
* 220
+4 2
-4 1
+4 3
+1 2
-88 7
601 3
2219 2
+1 2
-32 1
+1 2
-1 3
+8 7
-3 3
601 3
+9 3
2208 3

fn=(126)
808 22
+10 2
-10 2
+10 2
-10 6
+10 2
cfi=(31)
cfn=(92)
calls=2 49 
* 16
fi=(40) /build/glibc-OTsEL5/glibc-2.27/elf/../sysdeps/posix/dl-fileid.h
37 6
fe=(24)
818 2
fi=(40)
37 2
cfi=(41)
cfn=(130)
calls=2 -3 
* 20
* 4
+4 2
fe=(24)
834 2
fi=(40)
40 2
+1 2
fe=(24)
834 27
+1 10
fi=(40)
49 13
fe=(24)
1346 18
852 4
+24 8
+10 4
+22 8
+32 4
819 2
943 14
cfi=(17)
cfn=(38)
calls=2 59 
* 758
+1 2
-1 2
+1 2
+11 4
+5 2
-5 2
+1 2
+5 2
-5 2
+1 2
+2 2
-2 2
+2 4
+1 6
+20 2
-2 2
+10 2
-8 12
+8 2
-8 6
+8 2
+97 2
982 2
-6 2
1085 2
981 2
-5 4
1085 6
-96 32
-1 102
+1 95
+6 4
+5 4
+1 8
+11 20
+5 32
+9 12
-1 12
+1 4
+1 8
+2 4
-2 4
+1 4
-1 4
+3 4
+4 4
-7 4
+3 4
-1 4
+5 4
+1 8
+5 4
-1 2
-14 2
+14 2
+1 12
+10 2
-10 4
-1 2
-14 2
+14 2
+1 12
+10 2
-44 2
+1 1
+46 3
+4 1
+1 1
+2 1
-1 1
-1 2
+1 1
+3 3
+1 1
+3 1
-3 1
+7 4
+6 1
cfi=(32)
cfn=(162) _dl_next_tls_modid
calls=1 51 
* 6
* 2
+1 1
+19 4
+1 4
+1 2
-6 4
+1 2
+8 8
956 2
1110 2
956 2
1110 2
+10 6
fi=(43) /build/glibc-OTsEL5/glibc-2.27/elf/./dl-map-segments.h
50 2
+6 2
fe=(24)
1120 8
fi=(43)
56 6
fe=(24)
1120 2
fi=(43)
50 2
fe=(24)
1120 4
fi=(43)
56 4
cfi=(42) /build/glibc-OTsEL5/glibc-2.27/misc/../sysdeps/unix/sysv/linux/mmap64.c
cfn=(132) mmap
calls=2 -12 
* 74
+4 2
-4 2
+4 4
+3 4
+1 2
+2 2
-2 2
-1 2
+3 2
+14 4
fi=(45) /build/glibc-OTsEL5/glibc-2.27/elf/./dl-load.h
+10 8
+1 6
+2 8
fi=(43)
+11 16
+45 4
-59 20
+2 12
+2 16
cfi=(42)
cfn=(132)
calls=2 -50 
* 66
* 4
+16 2
+2 2
-2 2
+1 2
+2 2
-1 2
+1 2
-1 6
+8 4
+3 4
+8 14
cfi=(28) /build/glibc-OTsEL5/glibc-2.27/string/../sysdeps/x86_64/multiarch/memset-vec-unaligned-erms.S
cfn=(76) memset
calls=2 -22 
* 249
* 4
+6 4
+4 8
cfi=(42)
cfn=(132)
calls=1 -97 
* 33
+3 2
-71 20
cfi=(44)
cfn=(136)
calls=2 +5 
* 10
* 4
fi=(45)
+21 5
+2 1
-1 3
+1 1
-1 1
+1 2
-1 2
+3 4
fe=(24)
1132 8
+9 4
fi=(3)
42 2
fe=(24)
1141 2
fi=(3)
42 2
+6 2
-2 2
+2 4
+15 2
+5 2
+3 2
-1 2
-3 2
-3 36
+10 8
-26 24
+16 35
+10 35
-26 105
+26 2
-26 6
+2 90
+13 40
+2 8
+16 4
+20 7
+1 8
+1 8
+1 8
+2 8
+5 8
+1 7
+1 8
+6 6
+5 4
+7 4
+1 6
+18 6
+5 1
+2 1
-2 1
+2 1
+2 2
+2 2
+3 6
+10 1
-8 4
+8 1
+5 2
+3 4
fe=(24)
1148 4
+15 6
+19 4
+2 10
+54 6
+1 2
+3 2
cfi=(46) /build/glibc-OTsEL5/glibc-2.27/io/../sysdeps/unix/sysv/linux/close.c
cfn=(142) close
calls=1 27 
* 5
* 2
cfi=(46)
cfn=(142)
calls=1 27 
* 5
* 4
+9 4
+2 6
+2 2
-2 2
+2 2
+16 4
cfi=(6)
cfn=(10)
calls=2 939 
* 46
+4 4
+1 4
+17 4
+1 1
+8 1
-5 3
+5 2
-5 3
+5 1
+10 4
+10 6
cfi=(17)
cfn=(50)
calls=2 31 
* 82
+4 6
fi=(3)
68 8
+3 8
+1 2
+1 8
fe=(24)
369 2

fn=(150)
1932 8
+1 1
+6 1
-6 1
+6 1
+5 11
-7 1
-1 1
+8 7
+3 3
+9 4
+7 3
+1 1
-13 3
+12 1
cfi=(20)
cfn=(74) mempcpy
calls=1 116 
* 12
* 1
+55 2
-22 6
-32 2
+32 24
-32 16
+3 16
+4 48
cfi=(20)
cfn=(74)
calls=8 116 
* 101
* 32
cfi=(20)
cfn=(74)
calls=8 116 
* 96
+3 16
+3 24
+3 72
cfn=(118)
calls=8 1598 
* 440
* 8
+2 40
+2 16
+89 9
-24 7
+7 1
-2 1
+2 3
+3 3
-13 2
-57 16
+1 64
+6 16
+2 16
-2 16
+2 16
cfi=(49) /build/glibc-OTsEL5/glibc-2.27/io/../sysdeps/unix/sysv/linux/wordsize-64/xstat.c
cfn=(152) _xstat
calls=8 34 
* 101
* 8
+3 8
-3 8
+1 1
+2 1
-2 1
+2 7
-37 2
+37 7
-37 14

fn=(66)
623 1
+13 2
-13 8
+13 3
cfi=(25) /build/glibc-OTsEL5/glibc-2.27/elf/dl-hwcaps.c
cfn=(68) _dl_important_hwcaps
calls=1 42 
* 711
+5 1
-5 1
+5 1
cfi=(19)
cfn=(46)
calls=1 50 
* 18
* 1
+1 1
-2 1
+2 2
+8 1
-1 1
+1 4
-1 3
+4 4
cfi=(19)
cfn=(46)
calls=1 50 
* 18
* 1
+2 1
-2 2
+2 1
+7 1
+10 1
-11 1
+12 1
+3 1
+1 1
-5 1
+3 1
+1 1
-1 1
+9 1
-20 1
+17 1
+3 1
-3 17
cfi=(28)
cfn=(76)
calls=4 109 
* 48
+3 27
-12 3
-2 3
+10 3
-7 3
-1 3
+4 3
-1 3
+1 3
+1 3
+3 3
+1 3
-4 3
+4 3
+14 1
-11 1
+6 1
+1 1
+5 2
+2 4
+2 3
+38 5
-19 1
-2 2
+2 2
+21 3
cfi=(13)
cfn=(28)
calls=1 79 
* 16
* 8
cfi=(20)
cfn=(48)
calls=1 129 
* 10
* 1
+5 4
-1 2
+2 56
-1 57
+5 1
cfi=(19)
cfn=(46)
calls=1 50 
* 18
* 1
+1 1
-2 1
+2 1
+6 7
cfn=(78) fillin_rpath
calls=1 389 
* 584
+3 3
+6 1
+4 8
-37 2

fn=(78)
389 7
+2 1
-2 9
+4 3
cfi=(19)
cfn=(80) strsep
calls=1 265 
* 238
* 3
cfi=(19)
cfn=(80)
calls=1 265 
* 6
* 6
+7 2
+2 3
cfn=(82)
calls=1 -82 
* 104
+4 1
-4 1
+4 1
+5 2
cfi=(13)
cfn=(28)
calls=1 79 
* 16
+1 2
+7 6
+9 17
+1 8
+57 2
cob=(2) ???
cfi=(18) ???
cfn=(88) 0x0000000004000f00
calls=1 0 
* 5
* 1
-39 2
+4 7
-1 1
cfi=(19)
cfn=(46)
calls=1 50 
* 18
* 1
+3 3
+5 1
+1 2
-2 2
+2 1
cfi=(20)
cfn=(74)
calls=1 116 
* 12
+3 1
-2 1
-1 1
+1 1
+2 1
+6 4
+1 17
+1 1
-1 3
+1 1
-1 14
+1 8
-1 1
+1 1
-1 3
+1 1
-1 2
+4 1
-1 1
+1 1
-1 1
+1 1
+8 1
-1 1
+4 3
-37 2
-28 1
+5 4
+66 1
+3 9
-15 2

fn=(82)
320 12
+10 4
-10 2
+10 2
cfi=(29)
cfn=(84)
calls=2 24 
* 70
* 4
+15 2
-11 2
+11 8
-11 2
cfi=(30) /build/glibc-OTsEL5/glibc-2.27/string/strdup.c
cfn=(86) strdup
calls=2 40 
* 150

fn=(118)
1598 110
+39 10
-39 30
+39 38
+31 40
cfi=(37) /build/glibc-OTsEL5/glibc-2.27/io/../sysdeps/unix/sysv/linux/wordsize-64/lxstat.c
cfn=(120) open
calls=10 39 
* 184
+2 10
-2 10
+2 12
+10 2
+1 4
+5 12
cfi=(39) /build/glibc-OTsEL5/glibc-2.27/io/../sysdeps/unix/sysv/linux/read.c
cfn=(124) read
calls=2 27 
* 10
+2 4
+2 2
+2 2
-2 2
+2 2
+6 4
+16 32
+74 4
+5 4
+2 8
+6 4
+11 4
+6 2
+1 2
+1 2
-2 6
+1 6
+21 82
+2 38
+13 6
+3 8
+1 2
+12 12
-3 18
+15 2
+3 1
+1 3
+1 1
-1 1
-1 1
+3 3
+1 3
1650 8
1918 90
1714 2
1871 12
+3 2
-4 2
+4 4
+5 1
+1 2
-55 2

fl=(6)
fn=(190) do_lookup_x
338 686
+1 98
-1 588
+6 196
+12 98
+30 98
-41 98
+41 98
+35 196
-65 490
+14 912
+8 608
+1 912
+3 304
+1 608
+4 608
+3 608
-5 304
+5 912
+3 2128
-99 212
540 1540
+1 123
cfi=(36)
cfn=(116)
calls=41 282 
* 4271
* 164
+3 639
349 610
+3 610
+4 616
+4 608
+4 608
fi=(55) /build/glibc-OTsEL5/glibc-2.27/elf/../sysdeps/generic/ldsodefs.h
102 276
fe=(6)
503 184
+3 692
-60 12
+64 33
+12 552
+2 92
+24 784
-1 12
397 294
-1 196
+2 196
+2 98
90 294
375 98
90 98
374 98
90 98
400 196
90 196
413 318
-10 990
+2 368
+2 184
-1 276
78 644
+12 460
+3 324
cfi=(21)
cfn=(56)
calls=28 +51 
* 1314
* 84
+5 92
-1 92
+1 92
+2 182
+19 91
+1 819
452 920
148 2
+2 5
+30 42
-59 455
cfi=(21)
cfn=(56)
calls=91 +23 
* 4346
* 455

fn=(188) _dl_lookup_symbol_x
790 980
555 98
790 392
555 294
-1 196
+2 98
-1 98
+1 294
-1 294
+1 1197
-1 1197
+1 3591
-1 3689
793 98
-1 98
+4 98
+4 98
-8 98
+1 98
+7 378
+5 294
+6 294
-7 1078
+15 24
-8 36
+2 1274
cfn=(190)
calls=98 338 
* 37605
+3 478
+25 196
+24 644
+31 92
+9 368
+14 276
+3 368
+5 92
+2 894
-86 36
+17 6
+1 12
+59 2

fn=(10)
939 12
+4 4
+4 8
+2 4
-1 4
+3 12
+1 4
+1 4
+3 4
-3 4
+7 4
-4 4
-1 4
+3 4
+2 4
-7 4
+7 4
+1 4

fl=(54)
fn=(180)
148 40
+15 4
-15 8
+15 4
+1 20
+6 12
+6 16
+1 8
-19 8
+22 8
+7 4
-32 4
+32 4
+44 4
fi=(5)
76 4
fe=(54)
231 8
fi=(5)
76 12
fe=(54)
258 151
-99 3
fi=(5)
481 9
fe=(54)
159 6
+99 3
fi=(4)
48 3
fe=(54)
258 3
fi=(4)
47 3
+11 3
-11 3
+11 3
-11 3
+11 3
fe=(54)
258 1
-99 1
fi=(5)
481 3
fe=(54)
159 2
+99 1
fi=(4)
48 1
fe=(54)
258 1
fi=(4)
47 1
+11 1
-11 1
+11 1
-11 1
+11 1
fe=(54)
258 4
fi=(4)
48 4
fe=(54)
258 4
fi=(4)
47 4
+11 4
-11 4
+11 4
-11 4
+11 4
+26 5
+14 10
-15 10
+3 20
+12 5
+10 8
+10 15
+6 4
-3 8
+3 4
fi=(5)
491 3
fi=(4)
51 3
fi=(5)
491 3
fi=(4)
50 6
+77 404
+12 202
-3 303
fi=(5)
276 101
fi=(4)
139 101
-2 101
-1 101
+1 101
+1 101
-1 202
fi=(5)
276 101
+21 202
+4 202
+7 404
fi=(55)
102 252
fi=(5)
308 1632
fi=(4)
138 80
fi=(5)
308 160
fi=(4)
138 80
fi=(5)
308 80
fi=(4)
138 80
fi=(5)
308 160
fi=(4)
138 1
fi=(5)
308 2
fi=(4)
138 1
fi=(5)
308 1
fi=(4)
138 1
fi=(5)
308 974
cfi=(6)
cfn=(188)
calls=81 790 
* 45090
* 486
+2 252
+25 606
fi=(4)
74 6
+1 7
+1 78
fi=(5)
551 39
+24 78
+2 39
cob=(3) /lib/x86_64-linux-gnu/libc-2.27.so
cfi=(77) /build/glibc-OTsEL5/glibc-2.27/time/../sysdeps/unix/sysv/linux/x86/gettimeofday.c
cfn=(274) gettimeofday
calls=1 42 
* 77
cob=(3)
cfi=(58) /build/glibc-OTsEL5/glibc-2.27/string/../sysdeps/x86_64/multiarch/ifunc-strcasecmp.h
cfn=(270) strncasecmp_l
calls=1 32 
* 6
cob=(3)
cfi=(60) /build/glibc-OTsEL5/glibc-2.27/string/../sysdeps/x86_64/multiarch/ifunc-avx2.h
cfn=(268) strchrnul
calls=1 32 
* 8
cob=(3)
cfi=(57) /build/glibc-OTsEL5/glibc-2.27/string/../sysdeps/x86_64/multiarch/ifunc-unaligned-ssse3.h
cfn=(266) stpcpy
calls=1 33 
* 9
cob=(3)
cfi=(57)
cfn=(264) stpncpy
calls=1 33 
* 9
cob=(3)
cfi=(70) /build/glibc-OTsEL5/glibc-2.27/string/../sysdeps/x86_64/multiarch/ifunc-sse4_2.h
cfn=(262) strspn
calls=1 30 
* 6
cob=(3)
cfi=(64) /build/glibc-OTsEL5/glibc-2.27/wcsmbs/../sysdeps/x86_64/multiarch/ifunc-avx2.h
cfn=(260) wcslen
calls=1 32 
* 8
cob=(3)
cfi=(60)
cfn=(258) memchr
calls=1 32 
* 8
cob=(3)
cfi=(58)
cfn=(254) strcasecmp_l
calls=1 32 
* 6
cob=(3)
cfi=(60)
cfn=(252) memrchr
calls=1 32 
* 8
cob=(3)
cfi=(60)
cfn=(250) strlen
calls=1 32 
* 8
cob=(3)
cfi=(74) /build/glibc-OTsEL5/glibc-2.27/string/../sysdeps/x86_64/multiarch/strchr.c
cfn=(248) index
calls=1 40 
* 8
cob=(3)
cfi=(70)
cfn=(246) strpbrk
calls=1 30 
* 6
cob=(3)
cfi=(73) /build/glibc-OTsEL5/glibc-2.27/wcsmbs/../sysdeps/x86_64/multiarch/ifunc-wmemset.h
cfn=(244) wmemset
calls=2 32 
* 26
cob=(3)
cfi=(72) /build/glibc-OTsEL5/glibc-2.27/wcsmbs/../sysdeps/x86_64/multiarch/wcsnlen.c
cfn=(242) wcsnlen
calls=1 40 
* 7
cob=(3)
cfi=(56) /build/glibc-OTsEL5/glibc-2.27/string/../sysdeps/x86_64/multiarch/ifunc-memmove.h
cfn=(240) memcpy@@GLIBC_2.14
calls=1 44 
* 16
cob=(3)
cfi=(57)
cfn=(238) strcpy
calls=1 33 
* 9
cob=(3)
cfi=(58)
cfn=(234) strncasecmp
calls=1 32 
* 6
cob=(3)
cfi=(70)
cfn=(232) strcspn
calls=1 30 
* 6
cob=(3)
cfi=(60)
cfn=(230) strnlen
calls=2 32 
* 16
cob=(3)
cfi=(64)
cfn=(228) wcschr
calls=2 32 
* 16
cob=(3)
cfi=(69) /build/glibc-OTsEL5/glibc-2.27/string/../sysdeps/x86_64/multiarch/ifunc-memset.h
cfn=(226) memset
calls=1 42 
* 18
cob=(3)
cfi=(68) /build/glibc-OTsEL5/glibc-2.27/string/../sysdeps/x86_64/multiarch/strcmp.c
cfn=(224) strcmp
calls=1 38 
* 9
cob=(3)
cfi=(67) /build/glibc-OTsEL5/glibc-2.27/string/../sysdeps/x86_64/multiarch/strncmp.c
cfn=(222) strncmp
calls=1 38 
* 8
cob=(3)
cfi=(65) /build/glibc-OTsEL5/glibc-2.27/string/../sysdeps/x86_64/multiarch/ifunc-memcmp.h
cfn=(218) bcmp
calls=1 33 
* 13
cob=(3)
cfi=(56)
cfn=(216) mempcpy
calls=1 44 
* 16
cob=(3)
cfi=(64)
cfn=(214) wmemchr
calls=2 32 
* 16
cob=(3)
cfi=(60)
cfn=(212) rawmemchr
calls=1 32 
* 8
cob=(3)
cfi=(61) /build/glibc-OTsEL5/glibc-2.27/time/../sysdeps/unix/sysv/linux/x86/time.c
cfn=(206) time
calls=1 43 
* 77
cob=(3)
cfi=(60)
cfn=(204) rindex
calls=1 32 
* 8
cob=(3)
cfi=(57)
cfn=(202) strcat
calls=1 33 
* 9
cob=(3)
cfi=(58)
cfn=(198) strcasecmp
calls=1 32 
* 6
cob=(3)
cfi=(57)
cfn=(196) strncpy
calls=1 33 
* 9
cob=(3)
cfi=(56)
cfn=(194) memmove
calls=2 44 
* 32
-26 39
+27 39
fi=(4)
75 121
fe=(54)
258 2
fi=(4)
75 14
fe=(54)
258 14
+3 16
+24 4
+3 8
+17 12
+8 20
+3 4
-3 4
+3 4
+4 8
+1 12
cfi=(44)
cfn=(136)
calls=4 78 
* 20
* 8
-14 32
fi=(5)
131 9
458 332
fi=(4)
124 303
+19 15
fi=(5)
430 51
+4 68
+5 17
+9 17
-9 34
+9 34
+49 3
+4 6
cfi=(20)
cfn=(48)
calls=1 129 
* 10
+2 3
+1 1
308 34
+5 17
-3 34
+3 133
-3 164
+3 246
-5 24
fi=(4)
61 6
-10 3
-1 6
fi=(5)
551 50
+4 50
+2 75
+1 25
fi=(4)
61 192
+2 256
+2 119
+46 7
fi=(5)
541 1240
fi=(4)
111 1240
fi=(5)
541 1240
fi=(4)
111 1240
fi=(5)
541 1240
fi=(4)
111 1240
fi=(5)
535 1240
fi=(4)
112 2480
fi=(5)
535 2480
+5 2480
fi=(4)
50 1
160 1
51 1
160 4
+2 20
+9 10
-1 5
+1 5
-1 10
fi=(5)
276 5
fi=(4)
170 15
fi=(5)
276 5
+21 10
+4 10
+7 20
fi=(55)
102 15
fi=(5)
308 170
cfi=(6)
cfn=(188)
calls=5 790 
* 2413
* 35
+2 15
+25 30
fe=(54)
-77 5
fi=(5)
82 6
+4 9
+14 3
-8 3
+8 6
+20 6
+4 12
-2 6
458 20
fi=(4)
160 17
+14 2
fi=(5)
313 1
-3 2
+3 3
-5 93
fe=(54)

fl=(102) /build/glibc-OTsEL5/glibc-2.27/elf/dl-open.c
fn=(384) _dl_find_dso_for_object
176 5
+4 6
+1 4
+1 12
+1 2
-2 6
+5 2
+4 7

fl=(20)
fn=(74)
116 26
+1 26
+1 26
+13 26
+1 26
+1 4
+1 4
+5 3
+1 3
+1 3
+1 3
+5 3
267 22
+1 22
+1 8
+1 8
+1 3
+1 3
+1 1
+4 1
+22 14
+1 14
+1 14
+1 14
+1 14
+3 5
+1 5
+1 5
+1 5
+1 5
+3 2
+1 2
+1 2
+1 2
+1 2
+10 1
+1 1
+1 1
+1 1
+22 1
+1 1
+1 1
+1 1
+1 1
+1 1
+1 1
+1 1
+2 1

fn=(48)
129 15
+2 15
+1 15
+1 8
+1 8
+5 5
+1 5
+1 5
+1 5
+5 5
267 7
+1 7
+1 1
+1 1
+1 1
+1 1
+1 1
+1 1
+1 1
+2 1
+22 6
+1 6
+1 6
+1 6
+1 6
+24 3
+1 3
+1 3
+1 3
+22 3
+1 3
+1 3
+1 3
+1 3
+1 3
+1 3
+1 3
+2 3

fl=(30)
fn=(86)
40 12
+1 3
cfi=(13)
cfn=(28)
calls=3 +38 
* 84
* 3
+1 6
cfi=(19)
cfn=(46)
calls=3 +8 
* 54
* 3
+2 6
+4 3
-1 6
+1 6
-1 6
cfi=(20)
cfn=(48)
calls=3 +82 
* 38

fl=(17)
fn=(50)
31 6
+2 3
-2 9
+2 6
cfi=(2)
cfn=(52)
calls=3 784 
* 6
+2 22
+3 15
+2 2
+2 2
+4 2
+4 2
-4 4
+1 2
+4 4
-4 2
+1 2
+3 2
-3 2
+2 2
cfi=(2)
cfn=(54)
calls=2 790 
* 4
-4 1
+4 1
-4 2
+1 1
+4 2
-4 1
+1 1
+3 1
-3 1
+2 1
cfi=(2)
cfn=(54)
calls=1 790 
* 2
-5 2

fn=(38)
59 36
+1 3
-1 3
+1 6
cfi=(13)
cfn=(28)
calls=3 +19 
* 66
+6 3
-6 6
+6 3
+7 3
-7 3
-6 3
+6 9
+2 6
+5 9
cfi=(19)
cfn=(42)
calls=3 +19 
* 147
* 3
+3 3
-3 3
+3 3
+4 3
+5 3
-6 3
+6 3
-5 3
+5 3
-5 3
+4 3
+1 6
-1 3
+1 3
cfi=(20)
cfn=(48)
calls=3 +44 
* 41
+10 3
-10 3
+10 3
-10 3
+10 3
-8 3
+8 6
+1 3
-1 3
+1 9
+3 3
-3 3
+3 3
+9 3
-7 3
+4 3
+3 8
+2 2
-2 2
+2 30
-2 30
+18 6
-6 3
+1 3
+5 3
-6 3
+6 9
+2 2
+3 2
-3 4
+3 2
+4 6
+4 5
+8 1
+3 1
+3 2
-3 1
+3 1
-3 2
+3 4
-3 2
+3 2
+2 2
+21 2
-21 2
cfi=(13)
cfn=(28)
calls=2 -76 
* 68
+4 2
-4 4
+17 2
-13 6
+64 2
+4 27
100 8
+39 6
+70 6
cfi=(20)
cfn=(74)
calls=2 -93 
* 32
* 42
+6 40
-1 40
+1 42
-1 2
+1 6
+5 4
-96 1
+7 4
+32 4
cfi=(19)
cfn=(46)
calls=2 50 
* 36
* 2
+1 2
-1 4
+1 2

fl=(50)
fn=(154)
187 9
+8 2
+3 3
+45 1
+6 2
+11 1
-2 1
fi=(51) /build/glibc-OTsEL5/glibc-2.27/elf/../sysdeps/x86/dl-procinfo.h
39 1
fe=(50)
258 2
fi=(51)
39 3
+3 3
cfi=(21)
cfn=(56)
calls=1 144 
* 24
* 2
fe=(50)
264 4
cfi=(9) /build/glibc-OTsEL5/glibc-2.27/elf/dl-tunables.c
cfn=(26) __tunable_get_val
calls=1 373 
* 18
* 1
fi=(26) /build/glibc-OTsEL5/glibc-2.27/elf/../sysdeps/unix/sysv/linux/not-errno.h
28 2
fe=(50)
264 1
fi=(26)
28 2
fe=(50)
266 2
fi=(26)
32 3
fe=(50)
270 2
+15 1
-15 1
+15 128
cfn=(160) _dl_cache_libcmp
calls=8 141 
* 571
* 52
cfn=(160)
calls=1 141 
* 71
* 7
-84 4
cfi=(36)
cfn=(156) _dl_sysdep_read_whole_file
calls=1 44 
* 107
+8 1
-8 1
+8 4
+1 7
+7 1
-3 1
+3 3
+3 1
+1 2
-1 1
+1 1
+1 8
+63 3
+16 2
+4 2
+8 3
cfi=(13)
cfn=(28)
calls=1 79 
* 34
* 2
+1 1
-1 4
+1 2
cfi=(20)
cfn=(48)
calls=1 129 
* 10
+1 2
cfi=(30)
cfn=(86)
calls=1 40 
* 80
+1 8
-19 2
-27 4
+1 3
-1 7
+15 16
fi=(51)
42 3
fe=(50)
297 3

fn=(284)
326 4
-1 1
+3 2
cfi=(44)
cfn=(286)
calls=1 78 
* 5
+1 1
+2 2

fn=(160)
141 18
+1 20
+2 176
+20 86
+2 156
+4 35
+1 35
-29 70
+32 3
-28 2
+6 1
+2 1
-1 1
-1 2
+1 1
-1 1
+2 3
+2 3
-3 1
+3 1
+2 2
+9 24

fl=(32)
fn=(176)
141 1
-6 5
+6 2
+3 2
+36 3
+2 4
-2 1
-2 1
-40 1
-1 1
-1 2
+69 2
+3 2
-3 5
+2 2
+10 1
-37 2
+25 1
-25 2
+5 1
-1 1
+5 2
-4 1
-1 2
+3 2
+2 3
-9 5
+93 1
-53 1
+1 1
+52 1
-1 1
+1 4

fn=(280)
437 8
+1 1
-1 1
+1 1
+4 1
+6 2
-6 1
+6 1
+12 1
-15 1
+39 1
-24 1
-16 2
+21 9
+6 15
+3 1
+1 2
+6 3
+3 1
-2 1
+6 1
-6 1
+2 1
+4 1
-4 2
+3 1
-3 1
+1 1
+2 1
+4 2
+1 4
+2 2
+1 2
+12 1
-3 1
+3 2
cfi=(20)
cfn=(74)
calls=1 116 
* 12
* 5
cfi=(28)
cfn=(76)
calls=1 109 
* 33
* 7
-42 2
+52 1
+4 3
+3 8

fn=(94)
113 2
+1 2

fn=(278)
887 4
+9 1
-3 2
+8 7
+41 1
+1 1
+1 4

fn=(178)
332 1
+2 1
-2 2
+13 1
+1 2
cfi=(19)
cfn=(46)
calls=1 50 
* 18
* 1
+1 3
+8 2
-69 1
+69 2
+1 1
+4 297
+19 1
-94 2
+1 2
cfi=(19)
cfn=(42)
calls=1 92 
* 27
* 1
+1 2
+3 1
+6 2
+89 5

fn=(162)
51 4
+48 1
+4 1

fl=(7)
fn=(12)
88 8
+25 1
-1 1
+1 124
+6 1
-3 1
+1 1
-4 1
+3 1
+3 4
+1 2
-1 12
-29 1
-1 10
+30 2
+1 108
+3 1
-4 74
+62 1
-62 1
+63 1
-1 1
-62 3
+34 1
-34 2
+35 1
-35 2
+46 1
-46 1
+47 1
-1 1
-46 3
+40 1
-40 1
+41 1
-1 1
-40 3
+37 1
-37 2
+38 1
-38 3
+13 1
-13 2
+14 1
-14 2
+10 1
-10 2
+11 1
-11 2
+7 1
-7 4
224 1
cfi=(9)
cfn=(16) __GI___tunables_init
calls=1 +65 
* 14264
fi=(11)
35 2
cfi=(12)
cfn=(22)
calls=1 -4 
* 11
fi=(8)
196 1
-12 1
+1 1
+11 1
+3 1
-3 1
+3 5
366 3
+1 1
+3 2
+1 1
+6 1
+5 2
-3 1
+3 1
-4 1
+4 1
cfi=(9)
cfn=(26)
calls=1 -9 
* 16
+2 4
cfi=(9)
cfn=(26)
calls=1 -11 
* 18
* 1
+2 3
-2 1
+2 1
cfi=(9)
cfn=(26)
calls=1 -13 
* 18
* 1
+2 3
-2 1
+2 1
cfi=(9)
cfn=(26)
calls=1 -15 
* 18
+12 1
-12 1
+11 1
-11 1
+12 1
fe=(7)
236 1
cfi=(13)
cfn=(28)
calls=1 79 
* 16
* 1
+2 2
cfi=(14)
cfn=(30)
calls=1 32 
* 17
* 3
+12 3
+3 5
cfi=(2)
cfn=(32)
calls=1 870 
* 92706
+1 1
+1 8
fi=(8)
404 3
+28 2
-9 3
+2 4
+3 4
+1 2
205 6
cfn=(24)
calls=1 34 
* 87
+3 3
+97 4
+7 4
203 1
312 4
210 5
+1 7
+85 3
-79 2
fe=(7)

fn=(282)
260 1

fl=(136) /build/glibc-OTsEL5/glibc-2.27/elf/dl-fini.c
fn=(666) _dl_fini
30 8
+20 3
-3 6
+3 4
+3 2
cfi=(2)
cfn=(52)
calls=1 784 
* 2
+2 1
+3 2
+2 8
+8 1
-3 1
+8 1
-5 6
+7 8
+2 8
+2 8
+1 4
+1 4
+4 4
-12 12
+14 6
+1 4
+6 3
cfi=(52)
cfn=(164)
calls=1 -66 
* 253
+10 2
cfi=(2)
cfn=(54)
calls=1 790 
* 2
+5 6
+2 1
+2 3
-2 3
+2 9
+3 8
+3 12
+4 4
+11 2
+1 2
-1 2
+2 2
-2 2
+2 2
+1 14
+1 2
cob=(4) /usr/lib/valgrind/vgpreload_core-amd64-linux.so
cfi=(79) ???
cfn=(680) 0x0000000000000600
calls=1 0 
* 95
cob=(5) /home/cpaterno/assignments/a6/um0
cfi=(88) ???
cfn=(668) 0x00000000004009c0
calls=1 0 
* 15
* 2
-1 6
+5 4
+1 6
cob=(2)
cfi=(18)
cfn=(700) 0x0000000004a2a7a8
calls=1 0 
* 3
cob=(2)
cfi=(18)
cfn=(678) 0x0000000000403164
calls=1 0 
* 3
+6 24
+16 8
-56 10
+62 6
+6 2
+7 8
-90 7
+26 6

fl=(31)
fn=(92)
49 8
+5 6
+5 2
-1 1
+1 2
+1 2
-1 1
+5 1
-14 4
+4 8
+4 1
-1 1
+1 4

fn=(96)
74 2

fl=(49)
fn=(152)
34 8
-1 8
+1 8
+1 48
+4 1
-4 28

fl=(16)
fn=(36)
24 2
+1 2
+1 2
+1 2
+1 2
+1 2
+1 2
+1 2
+3 2
+1 2
+1 1
+1 1
+1 1
+1 1
+1 1
+1 1
+1 1
+2 2
+1 2
+1 1
+1 1
+1 1
+1 1
+1 1
+1 1
+1 1
+2 2
+1 2
+1 2
+1 2
+1 2
+1 2
+1 1
+1 1
+1 1
+2 1
+1 1
+1 1
+1 1
+1 1
+1 1
+29 2
+1 2
+15 2
+1 2

fl=(37)
fn=(120)
39 11
fi=(38) /build/glibc-OTsEL5/glibc-2.27/io/../sysdeps/unix/sysv/linux/open64.c
-3 11
+3 66
+8 77
+2 3
-2 24
+2 8
fe=(37)

fl=(15)
fn=(34)
29 3
+3 10
+13 36
-13 108
+2 76
+1 36
+5 2
-3 2
+3 2
+2 2
+7 1

fl=(39)
fn=(124)
27 8
+1 2

fl=(53)
fn=(172) _dl_check_map_versions
156 28
+15 12
+2 20
+2 4
+1 4
+2 4
-3 4
+1 4
+2 4
+3 6
-16 2
-8 4
+28 2
-4 2
+4 4
+16 2
37 4
201 2
37 10
+1 5
-1 10
+2 21
cfi=(36)
cfn=(116)
calls=7 282 
* 817
* 14
209 6
+5 2
-71 6
+71 4
-71 6
+79 2
-2 2
-2 4
+4 2
-4 14
+4 3
-2 3
-2 6
+4 3
-4 36
57 9
+8 9
-8 6
+8 6
+6 15
+16 5
+1 10
+2 5
+5 30
+14 72
+12 93
+4 31
-30 62
225 20
+3 15
+5 3
-11 3
111 5
+3 20
cfi=(21)
cfn=(56)
calls=5 +30 
* 220
* 24
237 8
+14 6
+3 8
+3 12
+3 8
+4 2
-7 8
+3 6
+4 30
-7 120
+3 92
+8 9
+89 36
-83 12
cfi=(19)
cfn=(42)
calls=3 92 
* 81
* 3
+1 3
-2 3
+2 3
+13 3
+2 3
-5 3
+3 3
+2 3
-2 3
+2 3
+3 8
+4 6
+18 3
-15 9
+2 9
-2 6
+2 6
+2 5
+1 5
-1 10
+1 5
-1 5
+1 5
+1 5
-2 5
+2 10
+1 15
+3 15
+8 6
+10 9
+3 8
+4 32
+6 32
+1 32
+1 32
-1 96
+1 32
-1 32
+1 32
+1 32
+3 96
+4 32
-14 68
+10 6
-96 2
-86 2
-8 2
+94 3

fn=(170)
362 5
+2 1
-2 3
+4 3
+2 24
cfn=(172)
calls=4 156 
* 2940
-2 4
+2 16
-2 8
+5 7

fl=(33)
fn=(100)
30 1
+7 1
+1 1
+2 1
+1 1
+1 1
+1 1
+1 33
+3 2
+7 1
+1 1
+1 1
+1 1
+2 1
+1 1
+1 1
+1 1
+2 1
+1 1
+1 1
+9 3
+12 1
+2 1
+1 1
+1 1
-4 11
+2 11
+1 11
+1 11
+2 12
+1 12
+1 12
+2 12
+1 12
+1 12
+2 12
+1 12
+1 12
+2 1
+1 1
+1 1
+2 1
+7 1
+4 1

fl=(52)
fn=(164)
28 16
+2 2
-2 2
+2 2
+92 10
-88 10
+1 4
-1 2
-1 2
+1 8
+1 2
cfi=(28)
cfn=(76)
calls=2 +74 
* 30
* 32
+4 4
+3 2
-3 4
+1 6
+2 2
-7 4
+4 8
+3 4
-3 8
+1 12
+2 4
+12 36
+2 12
+1 8
-1 6
+1 6
+2 18
+1 12
+58 24
cfi=(28)
cfn=(76)
calls=4 -9 
* 64
* 16
-28 24
-36 12
+61 28
-25 9
-44 12
+69 2
+7 16

fl=(28)
fn=(76)
109 65
+2 13
+1 13
+1 6
+1 6
+2 4
+1 4
+2 4
+55 2
+1 2
+10 2
+1 2
+1 2
+1 2
+1 2
+1 2
+1 2
+1 2
+1 2
+1 2
+1 2
+1 2
+1 2
+1 2
+2 31
+1 31
+1 31
+1 31
+1 31
+1 31
+1 31
+1 2
+15 7
+1 7
+1 7
+1 6
+1 6
+1 2
+1 2
+24 1
+1 1
+2 1
+3 4
+1 4
+2 4
+3 2
+1 2
+2 2

fl=(42)
fn=(132)
44 14
+3 7
-6 84
+6 7
+5 70
+2 49
-7 12

fl=(35) /build/glibc-OTsEL5/glibc-2.27/setjmp/../sysdeps/x86_64/setjmp.S
fn=(110) __sigsetjmp
26 3
+9 3
+1 6
+1 3
+4 3
+1 3
+1 3
+1 3
+1 3
+2 6
+2 3
+1 3
+1 3
+2 6
+2 3
+4 3
+1 3

fl=(21)
fn=(56)
144 242
+1 242
+2 242
+1 242
+21 242
+1 242
+1 163
+1 163
+1 81
+1 81
+1 81
+1 81
+21 81
+1 81
+1 81
+1 81
+1 81
+1 81
+1 81
+5 5
+1 5
+9 5
+1 5
+1 5
+1 5
+1 5
+1 5
+1 5
+1 5
-7 161
+1 161
+1 161
+1 161
+1 161
+1 161
+1 161
+1 161
+1 103
+1 89
+1 89
+1 89
+2 89
+1 89
+1 89
+1 89
+1 89
+1 89
-5 14
+1 14
+1 14
+1 14
+1 14
+1 14
+10 63
+1 63
+1 63
+2 63
+6 63
+1 63
+1 63
+1 63
+1 63
+5 63
+2 63
+1 63
+1 126
+8 63
+1 63
+3 63
+1 63
+1 63
+1 63
+1 63
+1 63
946 4
+1 4
+1 4
+1 4
+1 4
+2 4
+1 4
+1 4
+1 4
+1 4
+1 4
+1 4
+1 3
+4 3
+1 3
+1 3
+6 3
+1 3
+1 6
+4 3
+1 3
+3 3
+1 3
+1 3
+3 3
+1 3
+1 3
+6 3
+1 3
+1 3
+1 3
+1 3
+1 3
+72 74
+1 74
+1 74
+1 74
+1 74
+2 74
+1 74
+1 74
+1 74
+1 74
+1 74
+1 74
+1 16
+4 16
+1 16
+1 16
+6 16
+1 16
+1 32
+4 16
+1 16
+3 16
+1 16
+1 16
+3 16
+1 16
+1 16
+6 16
+1 16
+1 16
+1 16
+1 16
+1 16
+72 5
+1 5
+1 5
+1 5
+1 5
+2 5
+1 5
+1 5
+1 5
+1 5
+1 5
+1 5
+1 1
+4 1
+1 1
+1 1
+6 1
+1 1
+1 2
+4 1
+1 1
+3 1
+1 1
+1 1
+3 1
+1 1
+1 1
+6 1
+1 1
+1 1
+1 1
+1 1
+1 1
+72 2
+1 2
+1 2
+1 2
+1 2
+2 2
+1 2
+1 2
+1 2
+1 2
+1 2
+1 2
+1 1
+4 1
+1 1
+1 1
+6 1
+1 1
+1 2
+4 1
+1 1
+3 1
+1 1
+1 1
+3 1
+1 1
+1 1
+6 1
+1 1
+1 1
+1 1
+1 1
+1 1
1696 2
+1 2
+1 2
+1 2
+1 2
+2 2
+1 2
+1 2
+1 2
+1 2
+1 2
+1 2
+1 2
+4 2
+1 2
+1 2
+6 2
+1 2
+1 4
+4 2
+1 2
+3 2
+1 2
+1 2
+3 2
+1 2
+1 2
+6 2
+1 2
+1 2
+1 2
+1 2
+1 2
+7 1
+1 1
+2 1
+1 1
+2 1
+1 1
+1 1
+3 1
+1 1
+1 1
+6 1
+1 1
+1 1
+1 1
+1 1
+1 1
+41 5
+1 5
+1 5
+1 5
+1 5
+2 5
+1 5
+1 5
+1 5
+1 5
+1 5
+1 5
+1 5
+4 5
+1 5
+1 5
+6 5
+1 5
+1 10
+4 5
+1 5
+3 5
+1 5
+1 5
+3 5
+1 5
+1 5
+6 5
+1 5
+1 5
+1 5
+1 5
+1 5
+72 6
+1 6
+1 6
+1 6
+1 6
+2 6
+1 6
+1 6
+1 6
+1 6
+1 6
+1 6
+1 1
+4 1
+1 1
+1 1
+6 1
+1 1
+1 2
+4 1
+1 1
+3 1
+1 1
+1 1
+3 1
+1 1
+1 1
+6 1
+1 1
+1 1
+1 1
+1 1
+1 1
+72 5
+1 5
+1 5
+1 5
+1 5
+2 5
+1 5
+1 5
+1 5
+1 5
+1 5
+1 5
+2 1
+4 1
+1 1
+1 1
+6 1
+1 1
+2 2
+4 1
+1 1
+3 1
+1 1
+1 1
+3 1
+1 1
+1 1
+6 1
+1 1
+1 1
+1 1
+1 1
+1 1
+74 93
+2 93
+1 93
+1 93
+1 93
-3 73
+1 73
+1 73
+1 73
+1 267
+5 89
+6 89
+1 89
+8 89
+1 89
-16 153
+6 153
+1 153
+8 153
+1 153

fl=(11)
fn=(62)
45 4
+2 3
+85 5
-45 3
cfi=(23) /build/glibc-OTsEL5/glibc-2.27/posix/../sysdeps/unix/syscall-template.S
cfn=(64) uname
calls=1 -9 
* 5
* 1
+15 1
-15 1
+20 1
-1 1
+3 12
+4 3
-2 6
+2 10
+2 1
+1 2
-3 4
+7 3
-1 3
+4 3
-2 3
+2 10
+5 2

fl=(1) ???
fn=(0) 0x0000000000001090
0 2
cfi=(2)
cfn=(2)
calls=1 444 
0 108737
0 14
cfi=(78) /build/glibc-OTsEL5/glibc-2.27/elf/dl-init.c
cfn=(290) _dl_init
calls=1 79 
0 2179
0 3
cob=(5)
cfi=(88)
cfn=(326) _start
calls=1 0 
0 23404976476

fl=(19)
fn=(80)
265 4
+2 2
+1 4
+4 33
+7 84
-2 56
+13 1
+4 2
-7 14
-15 44

fn=(90) free
111 4

fn=(42)
92 8
+8 8
-1 16
-3 8
+4 16
+3 8
cfn=(46)
calls=8 -53 
* 210
* 8

fn=(46)
50 87
+11 42
+3 21
-3 21
+3 42
-3 2
+3 1
-3 1
+3 86
-15 3
+20 4
+1 2
+2 1
+1 8
cfi=(42)
cfn=(132)
calls=1 -29 
* 35
+2 2
+2 3
+2 1
+3 1
-3 2
+4 1
+2 5
-2 21
-1 21
+3 42
-29 1
-1 1
+1 1
+1 2
-2 2

fl=(25)
fn=(68)
42 4
+1 1
-1 8
+1 4
-1 1
+1 1
cfi=(9)
cfn=(26)
calls=1 373 
* 18
* 1
+3 3
-3 1
+12 6
+1 3
+1 1
-2 1
+2 1
-2 5
+1 3
+1 1
-2 1
+2 1
-2 5
+10 3
fi=(26)
-37 4
fe=(25)
131 4
-2 1
+17 6
+3 2
329 9
69 3
+77 1
+20 1
-19 1
+36 10
+1 3
-1 2
+1 3
fi=(27) /build/glibc-OTsEL5/glibc-2.27/elf/../sysdeps/x86/dl-hwcap.h
57 6
fe=(25)
186 1
+1 1
cfi=(13)
cfn=(28)
calls=1 79 
* 16
+1 1
-1 1
+1 3
-5 1
+5 1
-5 1
+5 2
-5 5
+8 3
+2 1
+1 6
+4 1
+4 1
-3 1
-1 1
+4 2
+3 4
+4 3
+1 1
-1 5
+1 3
+2 3
+2 2
-1 1
+1 1
-1 1
+2 2
+7 2
+6 11
+1 4
cfi=(19)
cfn=(46)
calls=1 50 
* 18
* 1
+1 1
-1 1
+1 3
+29 13
+3 4
+7 1
+10 12
-4 2
-3 1
+3 1
cfi=(20)
cfn=(74)
calls=1 116 
* 16
* 2
-3 1
+3 1
cfi=(20)
cfn=(74)
calls=1 116 
* 16
* 6
+3 7
+1 12
+1 4
cfi=(20)
cfn=(74)
calls=1 116 
* 14
-2 1
+2 2
-2 1
+5 6
cfi=(20)
cfn=(74)
calls=2 116 
* 28
+2 2
-2 4
+2 5
-7 3
+12 1
+1 2
-1 9
+1 14
-1 18
+5 10
+4 3
-4 12
+4 33
+1 12
-1 12
+1 24
-2 12
+1 24
-1 39
+4 6
+5 1
-2 1
+2 1
-1 1
-1 2
+2 1
-1 1
+1 4
+2 6
+1 2
+3 2
-6 5
+13 8
+1 1
-1 2
+3 2
-3 3
+1 3
-1 6
+3 6
+3 3
+2 2
-15 2
-6 3
-42 2

fl=(46)
fn=(142)
27 12
+1 3

fl=(47)
fn=(144)
27 7
+4 1

fl=(96)
fn=(362)
66 24
+6 24
-6 12
+3 24
+3 36
-4 12
+5 12
+2 12
-2 60
+2 12
-2 12
+2 12
+5 24
+4 24
+4 12
+7 12
-7 24
+4 24
+1 48
+2 48
+7 24
-1 12
+1 12
+10 108
cfi=(6)
cfn=(188)
calls=12 790 
* 9950
* 12
+4 60
+10 84
+16 12
-8 12
+8 36
+4 36
fi=(5)
+96 12
fe=(96)
-92 36
fi=(119) /build/glibc-OTsEL5/glibc-2.27/elf/../sysdeps/x86_64/dl-irel.h
32 1
cob=(3)
cfi=(56)
cfn=(240)
calls=1 +12 
* 16
* 1
fe=(96)

fl=(29)
fn=(84)
24 6
+1 6
+1 6
+1 6
+1 6
+1 6
+1 6
+1 6
+1 6
+1 6
+1 6
+1 6
+1 6
+1 6
+1 6
+1 6
+1 6
+1 4
+4 4
+1 4
+1 4
+1 4
+2 4
+4 2
+1 2
+1 2
+1 2
+1 2
+1 2
+1 2
+1 2
+1 2
+1 2
+1 2
+1 2
+1 2
+1 2
+1 2
+1 2
+1 2
+1 2
+1 2
+1 2
+1 2
+1 2
+1 2
+1 2
+52 2
+4 2
+1 2
+1 2
+1 2
+2 2

fl=(9)
fn=(16)
289 8
-9 3
150 4
-82 119
+6 38
-3 38
+3 2731
+4 76
+5 38
297 38
83 38
297 38
fi=(10) /build/glibc-OTsEL5/glibc-2.27/elf/dl-tunables.h
121 76
-1 15
+1 6
-1 8
+1 32
-1 40
fe=(9)
330 152
-12 4180
fi=(10)
120 1368
+1 1536
-1 216
fe=(9)
312 3382
68 76
364 8

fn=(26)
373 102
+4 17
-4 66
+9 3
+1 3
-6 14
+22 85
+2 17

fl=(23)
fn=(64)
78 4
+1 1

fl=(34)
fn=(166)
226 3
+1 1
+1 1
+3 1
+1 1
+2 2
cfi=(2)
cfn=(168)
calls=1 621 
* 3021
+2 1
+1 1
+1 4

fn=(108)
175 6
+15 3
-3 6
+4 3
-3 3
-13 3
+19 3
-3 3
+3 3
-19 3
+13 3
+2 3
+4 3
cfi=(35)
cfn=(110)
calls=3 26 
* 60
* 9
+2 9
cfi=(48)
cfn=(148)
calls=2 60 
* 5644
cfi=(2)
cfn=(112)
calls=1 588 
* 2127
+2 3
-1 3
+1 6
-1 3
+1 3
+9 12

fn=(104)
213 6
+2 2
-2 1
+2 2
cfn=(108)
calls=1 -40 
* 2178
* 1
+1 2
+1 1
+1 1
-1 1
+1 1
+2 5

fl=(36)
fn=(116)
282 275
+1 110
cfi=(21)
cfn=(56)
calls=55 144 
* 2138
* 55
+1 55
-1 55
+3 55
+2 110
+6 52
+1 260
-3 56
-4 112
+1 177
cfi=(21)
cfn=(56)
calls=59 144 
* 2361
* 118
+6 3
-11 3
+11 12

fn=(156)
44 2
+3 1
-3 3
+3 1
-3 3
+3 1
cfi=(37)
cfn=(120)
calls=1 -8 
* 16
+1 2
+2 5
cfi=(41)
cfn=(130)
calls=1 -16 
* 10
* 2
+2 1
+3 1
-3 1
+3 1
+13 2
cfi=(46)
cfn=(142)
calls=1 -41 
* 5
+3 7
-14 6
cfi=(42)
cfn=(132)
calls=1 -13 
* 35
* 2

fl=(78)
fn=(290)
79 11
+5 1
-4 1
+1 1
+3 2
+8 2
+25 2
+1 12
+1 12
-89 12
+9 3
-3 6
+3 9
+5 6
+5 2
+9 6
cob=(3)
cfi=(80) /build/glibc-OTsEL5/glibc-2.27/csu/../csu/init-first.c
cfn=(302) _init
calls=1 -6 
* 207
* 1
+4 2
+6 2
+2 2
-2 1
+3 1
-1 1
+1 5
+1 4
cob=(3)
cfi=(86) /build/glibc-OTsEL5/glibc-2.27/string/../sysdeps/x86/cacheinfo.c
cfn=(316) init_cacheinfo
calls=1 488 
* 1773
* 1
-1 2
+47 3
+7 8
-80 3
-5 3
-10 3
+57 2
-48 1
-3 2
+3 3
+5 3
+5 2
+9 7
cob=(2)
cfi=(18)
cfn=(292) 0x0000000004a2a520
calls=1 -58 
* 6
* 1
+3 1
+1 2
+6 1
+2 2
-2 2
+3 8
+1 4
cob=(4)
cfi=(79)
cfn=(296) 0x0000000000000640
calls=1 -72 
* 17
-1 5

ob=(2)
fl=(18)
fn=(88)
0 1
cob=(1)
cfi=(19)
cfn=(90)
calls=1 111 
0 4

fn=(678)
0 3

fn=(336) 0x00000000004007d8
0 6

fn=(700)
0 3

fn=(292)
0 6

fn=(368) 0x0000000004c4d2c0
0 3
cob=(3)
cfi=(98) /build/glibc-OTsEL5/glibc-2.27/malloc/malloc.c
cfn=(370) malloc
calls=3 3028 
0 63604

fn=(516) 0x0000000004c4d2c8
0 2
cob=(3)
cfi=(98)
cfn=(482) free
calls=2 3086 
0 189

fn=(686) 0x0000000004a2a560
0 1
cob=(3)
cfi=(137) /build/glibc-OTsEL5/glibc-2.27/stdlib/cxa_finalize.c
cfn=(688) __cxa_finalize
calls=1 30 
0 74

ob=(3)
fl=(93) /build/glibc-OTsEL5/glibc-2.27/setjmp/sigjmp.c
fn=(350) __sigjmp_save
29 1
-1 2
+1 2
+5 3

fl=(103) /build/glibc-OTsEL5/glibc-2.27/malloc/morecore.c
fn=(400) __default_morecore
46 13
+1 13
cfi=(104) /build/glibc-OTsEL5/glibc-2.27/misc/sbrk.c
cfn=(402) sbrk
calls=13 -15 
* 470
+2 39
+3 26

fl=(90) /build/glibc-OTsEL5/glibc-2.27/stdlib/cxa_atexit.c
fn=(330) __cxa_atexit
65 7
-26 2
+26 1
-26 5
+1 2
cfn=(332) __new_exitfn
calls=1 +44 
* 29
+2 2
+7 2
+3 1
-1 1
+2 1
+1 1
+1 4
+1 1
+11 6

fn=(332)
84 2
-6 2
+1 2
-1 1
+11 5
+2 3
-2 1
+10 2
-10 2
+45 1
+1 1
+4 4
-19 1
+1 2

fl=(107) /build/glibc-OTsEL5/glibc-2.27/libio/fileops.c
fn=(410) _IO_new_file_init_internal
107 2
+4 1
-4 2
+5 1
-1 1
+3 1
cfi=(106) /build/glibc-OTsEL5/glibc-2.27/libio/genops.c
cfn=(412) _IO_link_in
calls=1 -27 
* 86
+1 1
+1 4

fn=(512) _IO_file_close
1190 2
cfi=(122) /build/glibc-OTsEL5/glibc-2.27/io/../sysdeps/unix/sysv/linux/close.c
cfn=(514) __close_nocancel
calls=1 37 
* 5

fn=(628) _IO_file_overflow@@GLIBC_2.2.5
747 543
+7 181
-8 1086
+8 721
+35 360
+3 362
+3 543
+1 543
+1 905
+5 724
-45 2
+12 2
+9 4
+8 1
-4 1
+3 2
-2 2
-3 1
+1 2
+5 1
-1 1
+1 3
+3 1
-2 1
+2 1
+10 14
-1 7
+1 7
-1 7
cfn=(632) _IO_do_write@@GLIBC_2.2.5
calls=7 433 
* 742
* 14
-39 2
cfi=(106)
cfn=(442) _IO_doallocbuf
calls=1 362 
* 162
+1 6

fn=(414) _IO_file_fopen@@GLIBC_2.2.5
214 10
+9 2
+2 4
364 10
248 10
+33 1
-96 1
+1 2
-1 1
+4 1
cfi=(108) /build/glibc-OTsEL5/glibc-2.27/io/../sysdeps/unix/sysv/linux/open64.c
cfn=(416) open
calls=1 36 
* 28
* 1
+1 2
+3 1
-1 1
+1 2
+3 2
-3 1
+3 1
+10 2
cfi=(106)
cfn=(412)
calls=1 87 
* 16
+81 3
cfi=(109) /build/glibc-OTsEL5/glibc-2.27/string/../string/strstr.c
cfn=(418) __GI_strstr
calls=1 53 
* 25
+1 1
-1 1
+1 1
-40 11
-19 1
-1 1
-13 2
+73 2

fn=(446) _IO_file_stat
1169 2
+1 6
cfi=(115) /build/glibc-OTsEL5/glibc-2.27/io/../sysdeps/unix/sysv/linux/wordsize-64/fxstat.c
cfn=(448) _fxstat
calls=2 34 
* 20

fn=(456) _IO_file_underflow@@GLIBC_2.2.5
478 93
+6 93
-14 155
+17 186
+13 62
+20 62
cfi=(106)
cfn=(458) _IO_switch_to_get_mode
calls=31 164 
* 744
+11 31
-5 31
fi=(116) /build/glibc-OTsEL5/glibc-2.27/libio/libioP.h
872 31
fe=(107)
526 62
fi=(116)
872 31
fe=(107)
527 31
+2 31
fi=(116)
873 31
fe=(107)
528 62
fi=(116)
873 31
fe=(107)
531 124
cfn=(460) _IO_file_read
calls=31 1153 
* 434
+2 62
+16 30
-9 30
+9 60
+2 30
+1 60
-1 30
+1 121
-16 4
+10 1
-10 1
+10 2
+6 6

fn=(460)
1153 62
+3 93
cfi=(117) /build/glibc-OTsEL5/glibc-2.27/io/../sysdeps/unix/sysv/linux/read.c
cfn=(462) read
calls=31 27 
* 279

fn=(636) _IO_file_write@@GLIBC_2.2.5
1196 42
+2 42
+5 7
cfi=(131) /build/glibc-OTsEL5/glibc-2.27/io/../sysdeps/unix/sysv/linux/write.c
cfn=(638) write
calls=7 27 
* 63
+1 14
+5 7
+1 7
-12 14
+5 35
+10 21
+3 63

fn=(714) _IO_file_sync@@GLIBC_2.2.5
807 4
+5 4
+2 1
+1 2
+15 2
+4 4

fn=(440) _IO_file_xsgetn
1295 301110
+7 60222
+11 60222
+2 60222
+1 30111
-1 30111
+1 60222
fi=(116)
870 124
fe=(107)
1332 62
+9 93
+1 124
-29 60
+2 90
+1 60
+8 62
+59 270999
-39 62
cfi=(106)
cfn=(454) __underflow
calls=31 288 
* 3908
* 64
-39 3
+5 2
cfi=(106)
cfn=(442)
calls=1 362 
* 310
* 1
+8 90330
cfi=(118) /build/glibc-OTsEL5/glibc-2.27/string/../sysdeps/x86_64/multiarch/memmove-vec-unaligned-erms.S
cfn=(466) __memcpy_avx_unaligned_erms
calls=30110 217 
* 421540
* 30110
+1 60220

fn=(508) _IO_file_close_it@@GLIBC_2.2.5
129 3
+2 3
+4 1
+3 2
-3 1
-1 2
+6 1
+3 1
-3 1
cfi=(106)
cfn=(510) _IO_unsave_markers
calls=1 1019 
* 6
+3 3
fi=(116)
870 3
+2 2
+1 2
fe=(107)
143 2
cfn=(512)
calls=1 1190 
* 7
* 1
+3 3
+8 5
cfi=(106)
cfn=(450) _IO_setb
calls=1 347 
* 149
+1 2
+3 1
-3 1
+1 3
+2 1
cfi=(106)
cfn=(506) _IO_un_link
calls=1 53 
* 15
+5 1
-4 1
+1 1
+1 1
+2 1
+1 5

fn=(520) _IO_file_finish@@GLIBC_2.2.5
169 4
+1 2
+7 1
-1 2
+1 2
-1 1
cfi=(106)
cfn=(522) _IO_default_finish
calls=1 628 
* 25

fn=(710) _IO_file_setbuf@@GLIBC_2.2.5
389 2
+1 1
cfi=(106)
cfn=(712) _IO_default_setbuf
calls=1 +89 
* 68
* 2
+4 2
-1 2
+2 3
+2 1
+1 2

fn=(632)
433 21
-2 112
+11 14
+7 28
fi=(116)
873 14
fe=(107)
457 28
cfn=(636)
calls=7 1196 
* 315
* 7
+1 35
+6 7
-4 7
+4 7
-4 21
+1 14
+3 7
-2 7
-29 28
+1 56
+29 14

fl=(135) /build/glibc-OTsEL5/glibc-2.27/stdlib/cxa_thread_atexit_impl.c
fn=(664) __call_tls_dtors
145 3
+1 4
+18 4

fl=(137)
fn=(688)
30 2
+3 1
-3 5
+3 1
-3 1
+3 5
+3 3
+4 7
-4 3
+58 5
+4 6
-4 3
+12 2
+1 2
cfi=(138) /build/glibc-OTsEL5/glibc-2.27/nptl/unregister-atfork.c
cfn=(690) __unregister_atfork
calls=1 -79 
* 16
+2 4
+1 8

fl=(64)
fn=(228)
32 2
-2 2
+2 4
-2 6
fi=(141) /build/glibc-OTsEL5/glibc-2.27/wcsmbs/../sysdeps/x86_64/multiarch/wcschr.c
+1 2
fe=(64)

fn=(214)
32 2
-2 2
+2 4
-2 6
fi=(142) /build/glibc-OTsEL5/glibc-2.27/wcsmbs/../sysdeps/x86_64/multiarch/wmemchr.c
+1 2
fe=(64)

fn=(260)
32 1
-2 1
+2 2
-2 3
fi=(143) /build/glibc-OTsEL5/glibc-2.27/wcsmbs/../sysdeps/x86_64/multiarch/wcslen.c
-1 1
fe=(64)

fl=(67)
fn=(222)
38 4
+1 3
+9 1

fl=(74)
fn=(248)
40 2
-2 1
+2 2
-2 2
+11 1

fl=(84) /build/glibc-OTsEL5/glibc-2.27/string/../sysdeps/x86_64/multiarch/strrchr-avx2.S
fn=(312) __strrchr_avx2
43 1
+1 1
+2 1
+1 1
+3 1
+1 1
+1 1
+33 1
+1 1
+1 1
+1 1
+1 1
+1 1
+1 1
+1 1
+1 1
+1 1
+3 1
+1 1
+9 1
+1 1
+99 1
+1 1
+8 1
+1 1
+1 1
+1 1
+1 1
+2 1
+1 1
+1 1
+1 1
+1 1

fl=(122)
fn=(514)
37 4
+1 1

fl=(121) /build/glibc-OTsEL5/glibc-2.27/libio/iofclose.c
fn=(504) fclose@@GLIBC_2.2.5
34 3
+14 1
-14 1
+14 2
fi=(116)
796 2
+1 3
fe=(121)
57 1
fi=(116)
870 3
+2 2
+1 2
fe=(121)
57 3
cfi=(107)
cfn=(520)
calls=1 169 
* 37
+1 3
+13 2
+3 6
+3 2
cob=(2)
cfi=(18)
cfn=(516)
calls=1 -77 
* 71
+4 5
-32 1
cfi=(106)
cfn=(506)
calls=1 +4 
* 94
+2 19
+1 2
+1 2
cfi=(107)
cfn=(508)
calls=1 +76 
* 231
* 4
fi=(116)
797 6
fe=(121)

fl=(91) /build/glibc-OTsEL5/glibc-2.27/setjmp/../sysdeps/x86_64/bsd-_setjmp.S
fn=(346) _setjmp
30 1
+2 1
cfi=(92) /build/glibc-OTsEL5/glibc-2.27/setjmp/../sysdeps/x86_64/setjmp.S
cfn=(348) __sigsetjmp
calls=1 -6 
* 27

fl=(131)
fn=(638)
27 56
+1 7

fl=(83) /build/glibc-OTsEL5/glibc-2.27/misc/init-misc.c
fn=(308) __init_misc
31 2
-1 3
+1 4
+2 3
cfi=(84)
cfn=(312)
calls=1 +10 
* 33
* 1
+4 5
+1 3
+2 4

fl=(92)
fn=(348)
26 1
+9 1
+1 2
+1 1
+4 1
+1 1
+1 1
+1 1
+1 1
+2 2
+2 1
+1 1
+1 1
+2 2
+2 1
+8 1
cfi=(93)
cfn=(350)
calls=1 -34 
* 8

fl=(120) /build/glibc-OTsEL5/glibc-2.27/string/../sysdeps/x86_64/multiarch/memset-vec-unaligned-erms.S
fn=(494) __memset_avx2_unaligned_erms
158 581772
+1 193924
+1 193924
+1 193924
+1 193924
+8 193924
+1 193924
cfn=(496) __memset_avx2_erms
calls=8 -34 
* 379208
+3 193916
+1 193916
+1 193890
+1 193890
+1 193890
+1 193890
+2 193890
+1 193890
-1 13
+1 13
+3 26
+1 26
+1 26
+1 26
+1 26
+1 26
+1 26
+1 26
+1 26
+1 26
+1 26
+1 26
+1 26
+1 26
+2 21
+1 21
+1 21
+1 21
+1 21
+1 21
+1 21
+1 13
+1 13

fn=(496)
137 8
+1 8
+1 8
+1 8
+1 379160
+1 8
+1 8

fl=(134) /build/glibc-OTsEL5/glibc-2.27/stdlib/exit.c
fn=(662) __run_exit_handlers
40 9
+5 1
-5 1
+5 2
+11 14
+3 2
+2 5
+16 2
+35 6
+2 2
-44 6
+2 1
+1 1
-1 1
+4 4
+1 6
+29 1
-3 1
+5 1
-2 2
+2 2
cob=(1)
cfi=(136)
cfn=(666)
calls=1 -78 
* 642
+1 1
+11 1
+1 1
-1 1
+1 1
+5 4
-73 1
+12 1
+1 4
+63 2
+1 11
cfi=(106)
cfn=(702) _IO_cleanup
calls=1 918 
* 343
* 3
+2 2
cfi=(139) /build/glibc-OTsEL5/glibc-2.27/posix/../sysdeps/unix/sysv/linux/_exit.c
cfn=(716) _Exit
calls=1 27 
* 5
-86 1
cfi=(135)
cfn=(664)
calls=1 +99 
* 11
* 1

fn=(660) exit
139 1
-1 1
+1 3
cfn=(662)
calls=1 -99 
* 1106

fl=(85) /build/glibc-OTsEL5/glibc-2.27/ctype/ctype-info.c
fn=(314) __ctype_init
31 5
+2 1
+2 1
-4 1
+4 1
-4 1
+2 3
+2 2
+1 1

fl=(58)
fn=(198)
32 5
fi=(59) /build/glibc-OTsEL5/glibc-2.27/string/../sysdeps/x86_64/multiarch/strcasecmp.c
-1 1
fe=(58)

fn=(234)
32 5
fi=(71) /build/glibc-OTsEL5/glibc-2.27/string/../sysdeps/x86_64/multiarch/strncase.c
-1 1
fe=(58)

fn=(270)
32 5
fi=(76) /build/glibc-OTsEL5/glibc-2.27/string/../sysdeps/x86_64/multiarch/strncase_l.c
-1 1
fe=(58)

fn=(254)
32 5
fi=(75) /build/glibc-OTsEL5/glibc-2.27/string/../sysdeps/x86_64/multiarch/strcasecmp_l.c
-1 1
fe=(58)

fl=(101) /build/glibc-OTsEL5/glibc-2.27/elf/dl-addr.c
fn=(376) _dl_addr
126 9
+2 1
-2 1
+5 1
-5 1
+5 2
cob=(1)
cfi=(2)
cfn=(52)
calls=1 784 
* 2
+2 2
cob=(1)
cfi=(95)
cfn=(361)
calls=1 -62 
* 1117
* 5
+2 3
30 1
+1 1
-1 1
+1 1
+3 2
+5 1
+6 1
-7 1
+2 3
+2 3
+3 1
+5 7
-6 2
+6 4043
+2 1010
+1 2020
-1 1
+1 2
+2 3664
+9 2052
+7 28
-2 28
+2 2353
-2 2297
+2 6003
-10 11625
+2 9300
+1 14806
+36 2
+1 1
+1 3
+3 2
+36 2
cob=(1)
cfi=(2)
cfn=(54)
calls=1 790 
* 2
+3 9
-27 1
+1 1
+20 2

fl=(130) /build/glibc-OTsEL5/glibc-2.27/libio/putchar.c
fn=(624) putchar
25 181
+2 181
-2 181
+2 3077
+1 724
fi=(116)
796 362
+1 1448
fe=(130)
31 543
-3 181
cfi=(106)
cfn=(626) __overflow
calls=181 217 
* 10032
* 362

fl=(73)
fn=(244)
32 4
-2 2
+2 4
-2 4
+5 2
-1 8
fi=(144) /build/glibc-OTsEL5/glibc-2.27/wcsmbs/../sysdeps/x86_64/multiarch/wmemset.c
-3 2
fe=(73)

fl=(115)
fn=(448)
34 2
-1 2
+1 2
+1 12
+4 2

fl=(100) /build/glibc-OTsEL5/glibc-2.27/malloc/arena.c
fn=(374) ptmalloc_init.part.0
289 2
+5 1
-5 3
+13 2
+6 1
fi=(98)
1816 2
fe=(100)
308 12
fi=(98)
1816 13
+1 1
-1 3
+1 11
-1 390
+1 30
-1 90
+1 331
fe=(100)
313 1
fi=(98)
1825 1
fe=(100)
313 4
fi=(98)
1817 7
+11 1
-11 4
+9 1
fe=(100)
313 1
fi=(98)
1828 1
fe=(100)
313 1
cob=(1)
cfi=(95)
cfn=(361)
calls=1 71 
* 1027
* 5
+1 4
cob=(1)
cfi=(9)
cfn=(26)
calls=1 +59 
* 18
* 1
+1 4
cob=(1)
cfi=(9)
cfn=(26)
calls=1 +58 
* 19
* 1
+1 4
cob=(1)
cfi=(9)
cfn=(26)
calls=1 +57 
* 18
* 1
+1 4
cob=(1)
cfi=(9)
cfn=(26)
calls=1 +56 
* 18
* 1
+1 4
cob=(1)
cfi=(9)
cfn=(26)
calls=1 +55 
* 19
* 1
+1 4
cob=(1)
cfi=(9)
cfn=(26)
calls=1 +54 
* 18
* 1
+1 4
cob=(1)
cfi=(9)
cfn=(26)
calls=1 +53 
* 18
* 1
+2 4
cob=(1)
cfi=(9)
cfn=(26)
calls=1 +51 
* 18
* 1
+1 4
cob=(1)
cfi=(9)
cfn=(26)
calls=1 +50 
* 18
* 1
+1 4
cob=(1)
cfi=(9)
cfn=(26)
calls=1 +49 
* 18
* 1
+71 2
+1 2
+4 2
-1 1
+1 4
-97 5
cfi=(101)
cfn=(376)
calls=1 126 
* 60426
* 2
+1 4

fl=(69)
fn=(226)
42 5
+4 2
-1 4
+12 2
+2 5

fl=(99) /build/glibc-OTsEL5/glibc-2.27/malloc/hooks.c
fn=(372) malloc_hook_ini
29 5
fi=(100)
291 1
fe=(99)
30 1
fi=(100)
291 1
fe=(99)
30 1
fi=(100)
291 1
fi=(98)
3039 7
+3 1
-2 2
+2 3
+13 4
+2 3
cfn=(396) _int_malloc
calls=1 3521 
* 161
+1 1
-1 1
+1 6
-19 4
-56 5
cfn=(394) tcache_init.part.4
calls=1 +3 
* 496
+62 3
+2 5
+1 3
fe=(99)
33 6
cfi=(100)
cfn=(374)
calls=1 289 
* 62626
* 1
fi=(98)
3034 2
fe=(99)

fn=(594) realloc_hook_ini
37 9
+1 1
fi=(100)
291 1
fe=(99)
39 1
-1 2
fi=(100)
291 1
fe=(99)
39 1
fi=(100)
291 1
fi=(98)
3138 2
+4 6
+7 2
+6 1
+3 1
-5 1
+2 2
+2 2
+14 4
+1 2
+4 8
+2 2
+41 4
+2 6
cfn=(598) _int_realloc
calls=1 4502 
* 305
+1 1
-1 1
+1 10
-46 5
-15 3
+1 3
fe=(99)
42 9

fl=(86)
fn=(316)
488 7
+14 6
758 2
+2 1
+1 1
+2 1
-3 1
+5 1
-5 1
+4 3
+4 2
+3 2
+2 1
+1 1
+2 1
-3 1
+5 1
-5 1
+4 3
+9 1
+2 8
-2 1
+3 8
500 1
+4 1
-4 1
+4 1
cfn=(318) handle_intel.constprop.1
calls=1 259 
* 469
+2 1
-2 1
+2 1
cfn=(318)
calls=1 259 
* 515
+5 1
-5 1
+5 1
cfn=(318)
calls=1 259 
* 542
+8 1
-8 1
+8 1
+11 1
-20 1
+25 3
+4 2
+8 6
+3 2
+9 6
+14 2
+4 1
+3 1
+1 1
-4 1
+3 1
-3 1
+3 1
+6 8
-39 3
+3 9
+6 6
-6 3
+6 2
+3 20
+5 2
+4 1
+1 1
-1 3
691 4
+1 5
+4 2
+59 2
592 2
+8 1
+2 1
-2 6
+2 4
-2 1
+4 1
+23 2
-25 2
+2 6
+2 6
+3 2
+1 8
+2 4
+3 2
+5 1
+2 2
+1 1
-1 1
+2 1
-2 1
+1 2
+27 2
+1 1
+1 2
+2 1
-1 1
+1 1
-24 3
+4 2
+3 1
+2 4
+1 1
+5 2

fn=(320) intel_check_word.isra.0
132 12
+6 6
-10 18
+10 6
-10 6
+10 6
-10 6
+10 12
-10 6
+10 6
+2 6
-2 6
+2 18
250 12
140 24
+2 15
+2 30
+8 30
+51 24
+22 12
fi=(87) /build/glibc-OTsEL5/glibc-2.27/string/../bits/stdlib-bsearch.h
28 12
-1 24
+4 24
+1 12
fe=(86)
+87 24
fi=(87)
-88 138
+1 69
fe=(86)
+87 138
+3 81
fi=(87)
-93 252
+8 15
-8 36
fe=(86)
134 3
255 36
-91 9
+3 9
-6 13
+3 4
+9 4
+5 14
+1 10
+17 5
-32 15
+3 15
+4 14
+2 28
+2 14
+2 8
+4 3
+2 6
+2 3
+2 3
-2 3
+2 6
-2 3
+3 9
-2 12
+2 6
-24 2
+7 2
+2 4

fn=(318)
259 21
+2 3
-2 9
+5 9
+8 3
+1 3
-3 3
+5 12
+6 6
+5 3
-5 9
+5 3
+2 3
+1 3
-1 3
+5 18
cfn=(320)
calls=3 132 
* 1035
+2 6
+3 21
cfn=(320)
calls=3 132 
* 314
+2 6
+19 33

fl=(133) /build/glibc-OTsEL5/glibc-2.27/misc/../sysdeps/unix/syscall-template.S
fn=(652) munmap
78 4
+1 1

fn=(644) mremap
78 5
+1 1

fl=(118)
fn=(466)
217 60230
+2 60230
+1 60230
+1 10
+1 10
+12 5
+1 5
+1 5
+1 5
+2 4
+1 4
+1 4
+5 4
+2 5
+1 127021
+2 5
+13 60220
+1 60220
+2 60220
+1 60220
+1 60220
+1 60220
+36 60220
+1 60220
+1 60220
+1 60220
+1 60220
+11 10
+1 10
+5 5
+1 5
+1 1
+1 1
+2 1
+1 1
+1 1
+1 1
+1 1
+1 1
+1 1
+1 1
+1 1
+1 1
+1 1
+1 1
+1 1
+1 1
+1 1
+1 1
+1 1
+1 1
+15 4
+1 4
+58 4
+1 4
+1 4
+1 4
+1 4
+2 4
+3 4
+1 4
+1 4
+1 4
+2 4
+2 4
+2 4
+3 4
+1 4
+4 26
+1 26
+1 26
+1 26
+1 26
+1 26
+1 26
+1 26
+1 26
+1 26
+1 26
+1 26
+1 26
+2 4
+1 4
+1 4
+1 4
+2 4
+1 4
+1 4

fl=(61)
fn=(206)
43 2
fi=(62) /build/glibc-OTsEL5/glibc-2.27/time/../sysdeps/generic/dl-hash.h
+1 1
+1 1
fe=(61)
-2 4
fi=(62)
+5 3
+14 4
-17 3
+3 9
+14 12
-17 9
+22 1
fe=(61)
-24 6
cfi=(63) /build/glibc-OTsEL5/glibc-2.27/elf/../sysdeps/unix/sysv/linux/dl-vdso.c
cfn=(210) _dl_vdso_vsym
calls=1 -18 
* 17
* 5

fl=(65)
fn=(218)
33 5
-1 2
+2 2
+1 3
fi=(66) /build/glibc-OTsEL5/glibc-2.27/string/../sysdeps/x86_64/multiarch/memcmp.c
-6 1
fe=(65)

fl=(138)
fn=(690)
28 4
+8 1
-8 3
+11 2
+82 6

fl=(56)
fn=(240)
44 10
+4 4
-1 4
+12 4
+2 10

fn=(194)
44 10
+4 4
-1 4
+12 4
+2 10

fn=(216)
44 5
+4 2
-1 2
+12 2
+2 5

fl=(106)
fn=(438) _IO_sgetn
427 30111
fi=(116)
870 60222
fe=(106)
427 30111
+2 30111
fi=(116)
870 30111
+2 60222
+1 60222
fe=(106)
429 30111
+1 60222
-1 30111
cfi=(107)
cfn=(440)
calls=30111 1295 
* 1480444

fn=(408) _IO_old_init
561 1
-2 1
+1 1
-1 1
+2 2
+16 1
-14 1
+1 1
+13 1
+5 1
-17 1
+1 1
+1 1
+1 1
+14 1
-13 1
+1 1
+1 1
+2 1
+1 1
+1 1
+1 1
+6 1
+1 2
+2 1

fn=(412)
87 12
+1 6
+4 1
-2 3
+2 2
+1 11
+2 1
-1 1
-1 1
+2 1
-2 1
+2 13
+2 1
-2 1
+5 1
-2 1
-1 1
+3 14
+2 1
-1 1
+1 8
+1 2
+3 14
-14 4

fn=(510)
1019 2
+19 3
189 1

fn=(704) _IO_flush_all_lockp
749 11
+5 4
+1 11
+3 1
-8 1
+5 1
+3 1
-3 1
+3 1
fi=(116)
870 2
fe=(106)
762 1
fi=(116)
870 2
fe=(106)
-98 6
-14 3
+16 3
-16 6
+3 3
-1 3
+1 3
+3 22
+14 9
+1 3
+4 12
-29 4

fn=(702)
918 2
+3 1
-3 8
+3 1
cfn=(704)
calls=1 749 
* 114
-72 1
+72 1
-72 2
+1 11
+3 1
-3 1
+3 1
-3 1
+3 1
fi=(116)
+17 2
fe=(106)
-7 1
fi=(116)
+7 2
fe=(106)
+23 3
-40 9
+2 9
+2 6
+6 12
+8 2
+9 1
fi=(116)
-8 2
+1 2
fe=(106)
+7 4
cfi=(107)
cfn=(710)
calls=1 389 
* 83
+2 3
+4 5
+1 9
+10 9
+1 2
+35 12
-62 3
+2 2
+2 1
+1 1
-1 1
+2 3
-28 4
+14 4

fn=(712)
479 2
fi=(116)
870 1
fe=(106)
479 3
fi=(116)
870 1
fe=(106)
479 3
+1 1
fi=(116)
870 1
+2 2
+1 2
fe=(106)
480 2
cfi=(107)
cfn=(714)
calls=1 807 
* 17
* 3
+2 2
+7 1
-7 1
+10 2
+2 1
-2 1
+1 3
+2 6
-11 1
348 1
485 1
-1 1
+1 1
348 3
+7 1
-5 1
+1 1
+4 2

fn=(406) _IO_no_init
590 9
+1 1
cfn=(408)
calls=1 -30 
* 27
+2 1
-1 1
+1 1
+2 1
+1 1
+1 1
+1 1
+1 1
+1 1
+1 1
+1 1
+1 1
+1 1
+1 1
+1 1
+2 1
+6 1
+1 6

fn=(442)
362 4
-1 6
+3 8
+4 8
-3 2
fi=(116)
870 6
+2 4
+1 4
fe=(106)
365 4
cfi=(114) /build/glibc-OTsEL5/glibc-2.27/libio/filedoalloc.c
cfn=(444) _IO_file_doallocate
calls=2 78 
* 422
* 4

fn=(454)
288 94
-1 4
+6 3
-6 120
+6 152
+3 62
+2 62
+6 62
+7 31
fi=(116)
870 93
+2 62
+1 62
fe=(106)
311 31
+1 31
-1 31
+1 62
-1 31
cfi=(107)
cfn=(456)
calls=31 478 
* 2762
-23 60
+21 93

fn=(458)
164 124
+1 93
+3 93
+5 31
-1 62
+1 31
+7 31
-4 31
+2 62
+2 31
+1 31
+1 124

fn=(506)
53 12
+1 4
+4 4
+1 10
+2 1
-2 1
+1 1
+1 1
-2 1
+2 1
-2 1
+2 15
+2 1
-2 1
+2 2
+2 2
+9 1
+2 1
-2 1
+2 8
+2 1
-1 1
+1 8
+1 2
+3 14
-6 7
-18 4
+8 3

fn=(522)
628 4
+2 1
-2 3
+2 2
+6 3
+3 3
54 2
651 7

fn=(450)
347 9
+1 14
+3 3
+2 12
-3 3
+3 6
+3 12
-7 1
cob=(2)
cfi=(18)
cfn=(516)
calls=1 0 
* 120
* 5

fn=(626)
217 362
+2 543
+1 1
+1 1
fi=(116)
870 3
+2 2
+1 2
fe=(106)
221 180
fi=(116)
870 540
+2 360
+1 360
fe=(106)
221 181
+1 362
-1 181
cfi=(107)
cfn=(628)
calls=181 747 
* 6954

fl=(80)
fn=(302)
52 8
+3 3
+14 1
fi=(81) /build/glibc-OTsEL5/glibc-2.27/csu/../sysdeps/generic/dl-hash.h
-25 1
fe=(80)
+23 1
+1 1
fi=(81)
-23 1
fe=(80)
+24 1
fi=(82) /build/glibc-OTsEL5/glibc-2.27/csu/../sysdeps/unix/sysv/linux/x86_64/init-first.c
-33 4
fi=(81)
+7 1
+5 3
+14 4
-17 3
+3 9
+14 12
-17 9
+22 1
fi=(82)
-31 2
+2 2
-2 1
+2 2
cfi=(63)
cfn=(210)
calls=1 -13 
* 17
+2 1
+4 1
-4 1
+4 1
-4 1
+1 2
+1 1
+2 1
cfi=(63)
cfn=(210)
calls=1 -19 
* 17
fe=(80)
+37 3
fi=(82)
-36 2
+1 1
fe=(80)
+35 1
cfi=(83)
cfn=(308)
calls=1 -50 
* 58
+3 1
cfi=(85)
cfn=(314)
calls=1 -53 
* 16
+5 6
-27 1
-7 1
+7 4

fl=(98)
fn=(592) realloc
3130 77
+7 22
+1 22
+4 80
+7 20
+6 10
+3 10
-5 10
+2 20
+2 20
+14 40
+1 20
+4 80
+2 20
+41 36
+2 54
cfn=(598)
calls=9 4502 
* 131103
+1 9
-1 9
+1 84
-46 50
-15 27
+1 27
+20 4
+19 3
cfn=(642) mremap_chunk
calls=1 2861 
* 59
+1 1
+1 1
-1 1
+47 90
3139 1
3249 7
3139 1
cfi=(99)
cfn=(594)
calls=1 37 
* 397

fn=(394)
2986 1
-9 1
+9 9
+1 3
cfn=(396)
calls=1 3521 
* 389
+1 1
-1 1
+1 1
+8 4
+7 2
+2 1
+1 2
-1 1
+1 78
+3 2

fn=(398) sysmalloc
2274 80
+20 10
+11 10
-11 10
+11 10
+1 39
fi=(100)
535 9
fe=(98)
2321 18
fi=(100)
535 9
fe=(98)
2321 18
+66 9
+1 27
+10 9
-9 9
+9 67
-91 3
+14 4
+6 2
+77 36
+3 27
2724 18
+1 9
+5 18
+3 18
+5 9
-3 9
+3 9
-2 9
+2 27
+1 9
-1 9
-1 9
+4 9
-3 18
+1 9
+2 9
2346 3
+16 1
-1 1
+1 2
+5 3
+1 5
+3 3
+1 5
2747 90
2460 27
+19 18
-11 9
+11 9
-11 9
+21 36
cfi=(103)
cfn=(400)
calls=9 46 
* 437
* 9
+1 9
+3 27
+3 36
+1 18
+46 18
+2 18
+6 9
-6 9
+6 25
+1 40
-83 9
+10 18
+8 9
-8 9
+8 9
+67 4
+34 2
+6 3
+22 2
+1 5
+2 1
-2 1
+2 1
+1 4
cfi=(103)
cfn=(400)
calls=1 46 
* 25
+12 3
+48 1
+1 1
-2 1
+1 2
+12 1
-12 1
+1 1
+11 1
2544 2
-3 3
+99 2
+1 4
2329 7
cfi=(132) /build/glibc-OTsEL5/glibc-2.27/misc/../sysdeps/unix/sysv/linux/mmap64.c
cfn=(640) mmap
calls=1 44 
* 35
+2 2

fn=(498) systrim.isra.1.constprop.11
2760 5
+11 3
+2 1
+1 2
-4 1
+8 3
+2 3
+7 3
cfi=(103)
cfn=(400)
calls=1 46 
* 25
* 1
+1 4
+12 3
cfi=(103)
cfn=(400)
calls=1 46 
* 49
+2 2
+1 2
+2 2
cfi=(103)
cfn=(400)
calls=1 46 
* 25
+2 1
+2 2
+4 2
+4 2
-1 1
+1 2
+7 1
-5 1
+5 5

fn=(430) calloc
3379 1414854
-13 1414854
+15 1414854
-15 1414854
+13 1414854
-13 2829708
+10 1414854
-10 1414854
+10 1414854
+5 2829708
+8 2829708
+1 2829708
+12 4244562
+2 5659416
+10 1414854
+1 4244562
+21 4244562
cfn=(396)
calls=1414854 +85 
* 97268950
+2 1414854
-2 1414854
+2 5659416
+75 9903978
-75 7074270
+3 5659416
+28 1414854
+3 2829708
-14 1414854
+14 2856844
+11 13568
+1 27136
+1 27136
-2 1401286
+1 2802572
+1 2802572
+2 2829708
+8 1220930
-3 1220930
+1 1220930
+1 1220930
+1 1220930
+4 76147
-2 76147
+1 76147
+1 76147
+4 25211
-2 25211
+1 25211
+1 25211
+2 23627
+1 47254
-18 581772
cfi=(120)
cfn=(494)
calls=193924 158 
* 3676259
* 193924
* 387848

fn=(396)
3521 8770620
+32 1461770
-32 1461770
+32 13155924
+4 8770620
+24 2923540
+2 4385169
+3 1461723
+2 2923446
+2 1429284
-6 2858568
+6 4287852
+1 1429284
+5 4287852
+1 2858568
+7 5717136
-1 2858568
+1 2858568
+5 4287852
+1 147993
+2 1028928
+1 257232
2929 514464
+1 257232
-2 514464
+2 514464
-2 257232
+4 771696
3609 771696
+1 661437
1887 18
3682 18
1887 1432721
3682 1432685
1887 2865370
4131 13155932
3553 4
+86 112
+62 631
+1 54
+20 29067
-1 58134
+1 29067
-1 29067
+1 58134
-2 145330
+6 87198
+66 29066
-40 58132
3879 29066
3731 29066
+1 29066
+20 58132
+40 58132
-60 58132
-12 1
+6 3
+66 1
-40 2
3879 1
3731 1
+1 1
+20 2
+40 2
-60 2
+60 10
-40 20
3879 10
3731 10
+1 10
+20 20
+40 20
-60 16866
+3 39354
+1 26236
+3 13118
+10 13118
-15 13118
+15 39334
+34 9179
-5 9179
+1 9179
+4 9179
+29 16008
+8 58
+1 6
+1 2
-1 2
+4 2
-3 2
+3 2
-4 36
+1 12
-1 12
+4 12
-3 12
+3 12
+43 16008
+9 8004
-9 32016
+10 8004
-9 8004
+1 8004
+1 8004
+1 8004
+6 8004
+9 16008
3642 97404
+2 32468
-2 32468
+2 64936
+2 3419
+1 6838
+6 3419
-4 3419
+1 3419
+1 3419
+2 6838
+7 13676
-1 6838
+1 10257
+5 26594
+3 4054
-2 4057
3814 15980
+1 31960
+1 15980
3703 2
cfn=(616) malloc_consolidate
calls=1 4403 
* 173
* 580981
-62 377637
3786 1175
-1 1175
+1 2350
+5 3525
+1 4700
1887 2268
3887 24012
+17 47926
+2 72
+3 18
-3 18
+3 36
+1 2
+67 47924
+1 47924
+1 47924
+1 47924
+1 47924
+5 54390
+14 10522
+2 2384
+2 4768
3820 88
2929 838
3751 5627
-1 11254
+1 11222
+4 3939
+1 3939
-1 3939
+2 7878
+3 3939
-2 3939
+1 7878
+1 3939
+2 3741
+1 3741
+3 22446
+6 3741
-6 11223
+2 11223
1887 3741
3769 3741
1887 7482
3766 1188
+6 198
-6 594
+2 594
1887 198
3769 198
1887 396
3720 2
3865 56
-45 8
2930 419
+2 419
-2 838
+1 419
3796 419
2932 419
3795 419
+1 419
-95 20
-31 2027
+1 2027
+1 4054
+1 2027
2929 2027
3674 2027
+1 2027
2929 2027
+1 2027
-2 2027
+2 2027
-2 2027
3670 2027
2932 4054
3820 24
+73 48764
2941 1257
-1 1257
+2 838
+1 838
+1 419
3895 419
+95 64449
+3 85852
-3 64371
+3 85812
-3 42898
+3 64335
+97 21462
+3 21462
-2 42924
+2 42944
+17 60
+2 20
cfn=(616)
calls=10 4403 
* 390050
+3 10
-1 20
+1 10
-1 10
+3 30
4008 2877
+3 5754
+2 377
+1 377
+1 377
-2 1508
-27 377
+7 10
+2 40
+1 20
-1 44
+1 22
+24 7500
+3 5000
+5 2500
-3 5000
+3 30024
+3 5000
+3 826
-1 826
+1 1652
1887 23943
4103 23943
1887 47886
3993 22
4125 30
cfn=(398)
calls=10 2274 
* 1649
+1 10
-1 10
+1 10
1887 30
4046 1674
-5 1674
+6 3348
+8 1674
-6 1674
+1 1674
+1 1674
+1 1674
+3 1674
+1 1674
+1 3348
+2 8
+1 8
+2 72
+2 24
+1 16
-3 14994
+2 4998
+1 3332
+30 21442
+3 42884
-3 21442
+1 21442
+2 64326
+2 21442
-2 42884
-1 21442
+1 42884
+2 42884
3913 1
+1 6
+6 2
+6 1
-1 2
+1 17
+3 2
+13 1
+1 2
-5 1
+11 1
-4 1
+1 1
+1 1
+1 1
+1 1
+2 1
+1 1
+2 9
+2 3
+1 2
+71 88
3926 11

fn=(616)
4403 12
+19 12
-19 12
+30 12
-30 24
+29 12
-29 12
+32 12
-15 12
+15 24
+1 24
-1 216
+1 216
+3 54480
+1 72640
+8 18160
-3 18160
+3 18160
+1 18160
+1 54480
+2 36320
+1 4586
+2 4586
-1 4586
+2 75150
+3 36320
+1 18159
+2 36318
+1 2345
+1 28140
+4 18159
+4 18159
-3 18159
+1 18159
+2 18159
+1 1648
+1 1648
+3 1648
+1 1648
+1 1648
-2 3296
+3 1648
+9 4944
-12 16511
+1 16511
+1 16511
-2 33022
+3 16511
+9 49558
+3 480
+1 72
-27 47442
+18 1
+1 2
+1 2
-22 126

fn=(642)
2861 3
+3 1
+3 2
-5 1
+1 1
+1 2
-2 1
+6 4
+3 4
+3 2
+3 6
cfi=(133)
cfn=(644)
calls=1 78 
* 6
+3 2
+3 1
+2 2
+2 2
+8 5
-7 1
+3 1
-3 1
+3 1
-3 2
+3 3
+2 5

fn=(482)
3086 31073933
+5 5649806
+1 5649806
+6 5649806
+5 2824903
-2 2824903
+2 5649806
+18 8474706
+2 8474706
4149 5649804
+6 11299608
+1 5649804
+4 11299608
+9 8474706
-2 5649804
+3 5649804
+1 11299572
+13 3441908
+11 6883752
+2 5162814
1894 5162814
4218 1720938
+7 1720938
-6 3441876
+6 3441876
-2 1720938
+2 3441876
+4 3441876
+2 1720938
+1 3441876
3125 31073933
-18 4
+2 4
+1 2
+2 1
+1 1
-1 1
+1 1
+1 1
2829 1
+2 2
3110 2
2835 2
+3 3
+1 1
+6 7
+3 1
+1 3
+5 1
cfi=(133)
cfn=(652)
calls=1 78 
* 5
* 1
-19 2
4259 32
+3 16
+1 16
-1 48
+10 16
-4 16
+4 32
+3 32
+5 48
+3 32
+1 32
+1 32
1894 48
4291 32
+1 6
+2 6
-1 6
+2 109
+3 32
+5 45
+1 42
+1 3
+11 3
-1 3
+2 6
-1 12
-1 12
+2 24
+4 15
-2 15
+1 15
+1 15
+2 8
+1 8
+2 8
+1 8
+2 24
+1 8
+30 16
-34 7
+1 7
+2 21
+1 7
+30 16
+20 32
2929 3311844
+3 1103948
-2 2207896
+1 1103948
+1 2207896
4277 48
-2 32
+32 36
+34 1
+1 3
+1 2
+18 9
+1 2
cfn=(616)
calls=1 +41 
* 416799
+2 9
+2 15
+2 2
cfn=(498)
calls=1 2760 
* 151
* 1
-73 55
2829 3

fn=(598)
4502 60
+19 40
+1 40
+6 30
+2 10
+1 30
+2 40
+3 20
4655 80
4546 20
+13 10
-1 20
+2 1
-1 2
+11 50
cfn=(396)
calls=10 3521 
* 2211
+1 10
-1 10
+1 10
+3 10
+6 40
+13 10
+3 20
+1 20
+2 20
+25 40
cfn=(600) _int_free
calls=10 4139 
* 893
+2 10
-32 10
+6 20
cfi=(118)
cfn=(466)
calls=10 217 
* 127601
* 10
* 10

fn=(600)
4139 100
+10 30
+6 40
+1 30
+4 40
+9 50
-2 20
+3 20
+1 16
2929 12
-1 4
+4 4
-2 8
-2 4
+4 8
4390 110
4184 12
+75 12
+6 30
+7 6
-4 6
+4 12
+3 12
+5 18
+3 12
+1 12
+1 12
1894 18
4291 12
+7 12
+5 18
+4 10
+9 5
-1 5
+2 15
-1 1
-1 1
+2 3
+4 6
-2 6
+1 6
+1 6
+2 6
+1 6
+2 6
+1 6
+2 18
+1 6
+30 12
+20 12
-76 14
+1 2
+56 3
+3 3
-87 18
-2 12
+91 5

fn=(370)
3028 4230150
+5 2820100
+1 2820100
+5 9870343
+3 1410049
-2 4230147
+2 4230147
+3 2820098
+10 187616
+2 140712
cfn=(396)
calls=46904 3521 
* 10080760
+1 46904
-1 46904
+1 281424
-19 5640196
+8 1410048
+1 4230144
2941 2726290
+2 2726290
+1 1363145
3081 7050245
-46 1
+46 3
-46 1
cfi=(99)
cfn=(372)
calls=1 29 
* 63350

fl=(113) /build/glibc-OTsEL5/glibc-2.27/libio/iofread.c
fn=(436) fread
31 120444
+1 60222
-1 30111
+4 60222
+2 240888
+1 90333
cfi=(106)
cfn=(438)
calls=30111 427 
* 1901998
fi=(116)
796 30111
fe=(113)
38 30111
fi=(116)
796 30111
+1 240888
fe=(113)
40 60226
+1 7
-4 391443
+4 30110
-1 30110
+1 180660

fl=(104)
fn=(402)
32 13
+8 13
-8 39
+8 75
+1 2
cfi=(105) /build/glibc-OTsEL5/glibc-2.27/misc/../sysdeps/unix/sysv/linux/x86_64/brk.c
cfn=(404) brk
calls=1 -10 
* 12
* 3
+3 26
+4 57
+12 15
-4 20
cfi=(105)
cfn=(404)
calls=10 -25 
* 120
* 20
+4 50
-10 2
-2 3

fl=(72)
fn=(242)
40 1
-2 1
+2 2
-2 2
+11 1

fl=(70)
fn=(232)
30 5
fi=(145) /build/glibc-OTsEL5/glibc-2.27/string/../sysdeps/x86_64/multiarch/strcspn.c
-1 1
fe=(70)

fn=(262)
30 5
fi=(146) /build/glibc-OTsEL5/glibc-2.27/string/../sysdeps/x86_64/multiarch/strspn.c
-1 1
fe=(70)

fn=(246)
30 5
fi=(147) /build/glibc-OTsEL5/glibc-2.27/string/../sysdeps/x86_64/multiarch/strpbrk.c
-1 1
fe=(70)

fl=(105)
fn=(404)
31 88
+8 11
-6 22
+7 11

fl=(97) /build/glibc-OTsEL5/glibc-2.27/libio/iofopen.c
fn=(366) fopen@@GLIBC_2.2.5
88 5
-23 1
+23 2
-23 1
cob=(2)
cfi=(18)
cfn=(368)
calls=1 -65 
* 63363
+2 3
+3 1
+2 4
-2 1
+2 3
cfi=(106)
cfn=(406)
calls=1 590 
* 60
+1 1
+1 1
-1 1
+1 1
cfi=(107)
cfn=(410)
calls=1 +33 
* 99
+4 5
cfi=(107)
cfn=(414)
calls=1 214 
* 147
* 2
-41 2
+53 7

fl=(57)
fn=(238)
33 4
+3 4
fi=(148) /build/glibc-OTsEL5/glibc-2.27/string/../sysdeps/x86_64/multiarch/strcpy.c
-7 1
fe=(57)

fn=(266)
33 4
+3 4
fi=(149) /build/glibc-OTsEL5/glibc-2.27/string/../sysdeps/x86_64/multiarch/stpcpy.c
-3 1
fe=(57)

fn=(196)
33 4
+3 4
fi=(150) /build/glibc-OTsEL5/glibc-2.27/string/../sysdeps/x86_64/multiarch/strncpy.c
-7 1
fe=(57)

fn=(264)
33 4
+3 4
fi=(151) /build/glibc-OTsEL5/glibc-2.27/string/../sysdeps/x86_64/multiarch/stpncpy.c
-5 1
fe=(57)

fn=(202)
33 4
+3 4
fi=(152) /build/glibc-OTsEL5/glibc-2.27/string/../sysdeps/x86_64/multiarch/strcat.c
-7 1
fe=(57)

fl=(132)
fn=(640)
44 2
+3 1
-6 12
+6 1
+5 10
+2 7
-7 2

fl=(117)
fn=(462)
27 248
+1 31

fl=(109)
fn=(418)
53 7
+10 4
+26 9
-23 5

fl=(108)
fn=(416)
36 1
+3 1
-3 3
+3 1
-3 1
+3 5
+8 11
+2 5

fl=(60)
fn=(204)
32 1
-2 1
+2 2
-2 3
fi=(153) /build/glibc-OTsEL5/glibc-2.27/string/../sysdeps/x86_64/multiarch/strrchr.c
-2 1
fe=(60)

fn=(252)
32 1
-2 1
+2 2
-2 3
fi=(154) /build/glibc-OTsEL5/glibc-2.27/string/../sysdeps/x86_64/multiarch/memrchr.c
-1 1
fe=(60)

fn=(268)
32 1
-2 1
+2 2
-2 3
fi=(155) /build/glibc-OTsEL5/glibc-2.27/string/../sysdeps/x86_64/multiarch/strchrnul.c
+1 1
fe=(60)

fn=(258)
32 1
-2 1
+2 2
-2 3
fi=(156) /build/glibc-OTsEL5/glibc-2.27/string/../sysdeps/x86_64/multiarch/memchr.c
-1 1
fe=(60)

fn=(212)
32 1
-2 1
+2 2
-2 3
fi=(157) /build/glibc-OTsEL5/glibc-2.27/string/../sysdeps/x86_64/multiarch/rawmemchr.c
+1 1
fe=(60)

fn=(250)
32 1
-2 1
+2 2
-2 3
fi=(158) /build/glibc-OTsEL5/glibc-2.27/string/../sysdeps/x86_64/multiarch/strlen.c
-1 1
fe=(60)

fn=(230)
32 2
-2 2
+2 4
-2 6
fi=(159) /build/glibc-OTsEL5/glibc-2.27/string/../sysdeps/x86_64/multiarch/strnlen.c
+1 2
fe=(60)

fl=(89) /build/glibc-OTsEL5/glibc-2.27/csu/../csu/libc-start.c
fn=(328) (below main)
137 8
+4 1
-4 2
+4 2
+98 1
-98 1
+98 1
+1 4
cfi=(90)
cfn=(330)
calls=1 65 
* 65
+22 4
+3 2
+1 5
cob=(5)
cfi=(88)
cfn=(334) __libc_csu_init
calls=1 0 
* 56
+4 4
+15 2
+12 2
cfi=(91)
cfn=(346)
calls=1 30 
* 29
+1 2
+5 2
+1 2
+3 2
+3 6
cob=(5)
cfi=(94) /home/cpaterno/assignments/a6/main.c
cfn=(352) main
calls=1 5 
* 23404976262

fl=(68)
fn=(224)
38 4
+3 4
+6 1

fl=(114)
fn=(444)
78 16
+6 8
fi=(116)
870 6
+2 4
+1 4
fe=(114)
84 6
cfi=(107)
cfn=(446)
calls=2 1169 
* 28
* 4
+2 8
+11 8
+4 4
cob=(2)
cfi=(18)
cfn=(368)
calls=2 0 
* 244
* 2
+2 2
-1 4
+2 8
cfi=(106)
cfn=(450)
calls=2 347 
* 36
+1 2
+1 16
-15 1
fi=(160) /build/glibc-OTsEL5/glibc-2.27/libio/../misc/sys/sysmacros.h
-12 6
fe=(114)
+12 1
-2 2
+5 2

fl=(63)
fn=(210)
25 20
+1 8
+4 8

ob=(4)
fl=(79)
fn=(694) 0x0000000000000570
0 8

fn=(680)
0 8
cob=(2)
cfi=(18)
cfn=(686)
calls=1 0 
0 75

ob=(5)
fl=(125) /tmp/cii/src/array.c
fn=(534) ArrayRep_init
20 7
+1 2
+1 5
+1 2

ob=(4)
fl=(79)
fn=(680)
0 1
cfn=(694)
calls=1 0 
0 8

ob=(3)
fl=(63)
fn=(210)
48 24

ob=(4)
fl=(79)
fn=(680)
0 3

fn=(296)
0 17

ob=(3)
fl=(63)
fn=(210)
27 4
+20 4

fl=(139)
fn=(716)
27 2
+4 1
+2 2

fl=(77)
fn=(274)
42 2
fi=(62)
+2 1
+1 1
fe=(77)
-3 3
fi=(62)
+1 1
+5 3
+14 4
-17 3
+3 9
+14 12
-17 9
+22 1
fe=(77)
-25 6
cfi=(63)
cfn=(210)
calls=1 -17 
* 17
* 5

ob=(5)
fl=(125)
fn=(534)
24 3
+1 3
+1 2
+1 3
+3 4

fn=(584) Array_resize
57 55
+1 22
+1 22
+1 22
+2 44
+3 110
cfi=(112) /tmp/cii/src/mem.c
cfn=(586) Mem_resize
calls=11 -24 
* 133628
* 33
+1 33
+1 33

fn=(650) Array_free
31 4
+1 7
+1 7
cfi=(112)
cfn=(476) Mem_free
calls=1 +3 
* 96
* 3
+1 6
cfi=(112)
cfn=(476)
calls=1 +2 
* 102
* 2
+1 3

fl=(110) /home/cpaterno/assignments/a6/um_loader.c
fn=(420) loader
6 7
+1 2
+1 1
+2 1
+1 3
cfi=(111) /home/cpaterno/assignments/a6/arr.h
cfn=(422) arr_new
calls=1 -1 
* 1238
* 1
+1 1
+1 1
+1 1
+1 1
+2 1
+2 90330
+2 32
+1 30
+2 1
+2 2
+1 5
cfi=(111)
cfn=(470) arr_clone
calls=1 +3 
* 317
-1 30
+1 75
cfi=(111)
cfn=(470)
calls=15 +3 
* 722868
* 16
+1 48
cfi=(111)
cfn=(474) arr_free
calls=16 -12 
* 2933
+3 240880
cfi=(111)
cfn=(484) arr_at
calls=30110 -6 
* 812970
* 30110
+2 90330
+1 180660
cob=(3)
cfi=(118)
cfn=(466)
calls=30109 217 
* 421526
cob=(1)
cfi=(95)
cfn=(360)
calls=1 +37 
* 887
* 30114
-17 180666
cob=(3)
cfi=(113)
cfn=(436)
calls=30110 +14 
* 3527411
cob=(1)
cfi=(95)
cfn=(360)
calls=1 +54 
* 1542
* 30115
* 60222
+20 2
+1 5
cfi=(111)
cfn=(470)
calls=1 -8 
* 542419
* 1
+1 3
cfi=(111)
cfn=(474)
calls=1 -23 
* 318
+1 1
+1 5

fl=(127) /home/cpaterno/assignments/a6/um_parser.h
fn=(560) a_three
29 184482608
+1 230603260
cfn=(544) getu
calls=46120652 -11 
* 968533692
+1 92241304

fn=(554) c_three
39 210067284
+1 262584105
cfn=(544)
calls=52516821 -21 
* 1102853241
+1 105033642

fn=(542) opcode
24 340282088
+1 425352610
cfn=(544)
calls=85070522 -6 
* 1786480962
+1 170141044

fn=(546) val_other
49 130214800
+1 162768500
cfn=(544)
calls=32553700 -31 
* 683627700
+1 65107400

fn=(556) b_three
34 204426380
+1 255532975
cfn=(544)
calls=51106595 -16 
* 1073238495
+1 102213190

fn=(548) a_other
44 130214800
+1 162768500
cfn=(544)
calls=32553700 -26 
* 683627700
+1 65107400

fn=(544)
19 1499609950
+1 4198907860
+1 599843980

fl=(129) /home/cpaterno/assignments/a6/um_mem.c
fn=(608) deallocate
30 7050225
+1 2820090
+1 8460270
cfi=(124) /tmp/cii/src/seq.c
cfn=(564) Seq_get
calls=1410045 +22 
* 45121440
* 1410045
+3 2820090
+1 4230135
cfi=(111)
cfn=(474)
calls=1410045 -20 
* 143413270
+3 9870315
cfi=(124)
cfn=(610) Seq_put
calls=1410045 +21 
* 73322340
+2 9870315
cfi=(126) /tmp/cii/src/stack.c
cfn=(612) Stack_push
calls=1410045 -16 
* 136043641
+1 4230135

fn=(576) allocate
7 7074170
+1 2829668
+5 5659336
cfi=(124)
cfn=(578) Seq_length
calls=1414834 +37 
* 14148340
* 2829668
+1 1414834
+2 5659336
cfi=(126)
cfn=(580) Stack_empty
calls=1414834 +5 
* 18392842
* 2829668
+2 84192
cfi=(124)
cfn=(578)
calls=21048 +32 
* 210480
* 21048
+1 63144
cfi=(111)
cfn=(422)
calls=21048 -9 
* 5605698
* 126288
cfi=(124)
cfn=(536) Seq_addhi
calls=21048 +70 
* 955127
* 21048
+4 5575144
cfi=(126)
cfn=(614) Stack_pop
calls=1393786 +11 
* 189530093
* 1393786
+1 4181358
cfi=(111)
cfn=(422)
calls=1393786 -14 
* 254114728
* 9756502
cfi=(124)
cfn=(610)
calls=1393786 +36 
* 72476872
+2 1414834
+1 2829668

fl=(94)
fn=(352)
5 5
+2 2
+1 6
cob=(1)
cfi=(95)
cfn=(360)
calls=1 +63 
* 64649
* 5
* 1
+1 2
+2 3
cfi=(110)
cfn=(420)
calls=1 -5 
* 6968132
* 1
+1 3
cob=(1)
cfi=(95)
cfn=(360)
calls=1 +59 
* 1479
* 5
+2 3
cfi=(123) /home/cpaterno/assignments/a6/um.c
cfn=(524) UM_init
calls=1 +2 
* 1963
* 1
+2 3
cfi=(123)
cfn=(540) UM_run
calls=1 +17 
* 23397939999

fl=(112)
fn=(528) Mem_alloc
8 8460282
+2 2820094
+1 4230141
cob=(3)
cfi=(98)
cfn=(370)
calls=1410046 3028 
* 68361522
cob=(1)
cfi=(95)
cfn=(360)
calls=1 +60 
* 979
* 1410051
* 1410047
+1 2820094
+7 1410047
+1 2820094

fn=(424) Mem_calloc
22 9903978
+2 2829708
+1 2829708
+1 7074270
cob=(3)
cfi=(98)
cfn=(430)
calls=1414853 3379 
* 200682122
cob=(1)
cfi=(95)
cfn=(360)
calls=1 +45 
* 1192
* 1414858
* 1414854
+1 2829708
+7 1414854
+1 2829708

fn=(476)
36 17046954
+1 5682318
+1 8474703
cob=(3)
cfi=(98)
cfn=(482)
calls=2824900 3086 
* 227416896
cob=(1)
cfi=(95)
cfn=(360)
calls=1 +33 
* 966
* 2824905
+1 8523477

fn=(586)
41 77
+1 22
+1 22
+1 55
cob=(3)
cfi=(98)
cfn=(592)
calls=10 3130 
* 131998
cob=(1)
cfi=(95)
cfn=(360)
calls=1 +27 
* 1373
* 15
* 11
+1 22
+7 11
+1 22

fl=(126)
fn=(614)
34 5575144
+3 2787572
+1 5575144
+1 4181358
+1 5575144
+1 6968930
+1 4181358
+1 6968930
cfi=(112)
cfn=(476)
calls=1393786 -7 
* 142141369
* 1393786
+1 1393786
+1 2787572

fn=(612)
25 7050225
+2 2820090
+1 5640180
cfi=(112)
cfn=(528)
calls=1410045 -20 
* 93742291
* 1410045
+1 4230135
+1 5640180
+1 4230135
+1 7050225
+1 4230135

fn=(654) Stack_free
46 4
+2 7
+1 5
+1 48777
+1 81295
cfi=(112)
cfn=(476)
calls=16259 -15 
* 1658418
* 16259
-2 65038
+4 6
cfi=(112)
cfn=(476)
calls=1 -17 
* 102
* 2
+1 3

fn=(538) Stack_new
14 3
+2 4
cfi=(112)
cfn=(528)
calls=1 -8 
* 59
* 1
+1 2
+1 2
+1 1
+1 2

fn=(580)
21 5659336
+1 2829668
+1 7074170
+1 2829668

fl=(124)
fn=(648) Seq_free
45 4
+1 7
+2 3
cfi=(125)
cfn=(650)
calls=1 -17 
* 230
+1 3

fn=(536)
89 105245
+2 42098
+1 126294
+1 33
cfn=(582) expand
calls=11 -77 
* 134222
+1 126294
+1 42098
+1 231539
-1 42098
+1 63147
+1 42098

fn=(610)
60 16822986
+2 5607662
+1 19626817
+1 5607662
+1 30842141
-1 11215324
+2 5607662
+1 30842141
-1 5607662
+1 5607662
+1 2803831
+1 5607662

fn=(526) Seq_new
26 4
+2 2
+1 5
cfi=(112)
cfn=(424)
calls=1 -7 
* 245
* 1
+1 2
+1 1
+2 3
-1 4
cfi=(112)
cfn=(528)
calls=1 -24 
* 1001
* 7
cfi=(125)
cfn=(534)
calls=1 -12 
* 31
+2 1
+1 2

fn=(564)
54 185465725
+1 74186290
+1 259652015
+1 74186290
+1 408024595
-1 111279435
+2 74186290

fn=(578)
50 5743532
+1 2871766
+1 2871766
+1 2871766

fn=(582)
16 44
+1 33
+1 66
cfi=(125)
cfn=(584)
calls=11 +39 
* 134002
+1 44
+6 33

fl=(88)
fn=(668)
0 5
cfn=(672) 0x0000000000400950
calls=1 0 
0 7
0 3

fn=(672)
0 7

fn=(340) 0x00000000004009f0
0 16

fn=(326)
0 11
cob=(3)
cfi=(89)
cfn=(328)
calls=1 137 
0 23404976465

fn=(334)
0 15
cob=(2)
cfi=(18)
cfn=(336)
calls=1 0 
0 6
0 8
cfn=(340)
calls=1 0 
0 16
0 11

fl=(111)
fn=(470)
30 85
+1 51
cfn=(422)
calls=17 -21 
* 384731
* 17
+2 51
cfn=(472) arr_len
calls=17 -13 
* 170
* 17
+1 68
+1 34
+1 628770
-1 251559
+3 17
+1 34

fn=(422)
10 72
+1 144
cfi=(112)
cfn=(424)
calls=18 +11 
* 385627
* 18
+1 54
+1 18
+1 36
-4 5659336
+1 11318672
cfi=(112)
cfn=(424)
calls=1414834 +11 
* 232838580
* 1414834
+1 4244502
+1 1414834
+1 2829668

fn=(472)
20 120508
+1 60254
+1 60254
+1 60254
-3 482930296
+1 241465148
+1 241465148
+1 241465148

fn=(474)
16 68
+1 85
cfi=(112)
cfn=(476)
calls=17 +19 
* 3030
* 17
+1 51
-2 84192
+1 105240
cfi=(112)
cfn=(476)
calls=21048 +19 
* 1084315
* 21048
+1 63144
-2 5640180
+1 7050225
cfi=(112)
cfn=(476)
calls=1410045 +19 
* 125082685
* 1410045
+1 4230135

fn=(484)
25 150550
+1 90330
cfn=(472)
calls=30110 -6 
* 301100
* 60220
+1 150550
+1 60220
-3 603662870
+1 362197722
cfn=(472)
calls=120732574 -6 
* 1207325740
* 241465148
+1 603662870
+1 241465148

fl=(128) /home/cpaterno/assignments/a6/um_instructions.h
fn=(558) load_prog
161 21426654
+1 7142218
+1 10713327
cfn=(552) ok_reg
calls=3571109 14 
* 32139981
+1 10713327
cfn=(552)
calls=3571109 14 
* 32139981
+1 17855545
+12 17855545
+1 10713327

fn=(602) multiply
78 734405
+1 209830
+1 314745
cfn=(552)
calls=104915 -66 
* 944235
+1 314745
cfn=(552)
calls=104915 -67 
* 944235
+1 314745
cfn=(552)
calls=104915 -68 
* 944235
+1 1049150
+2 524575
+1 314745

fn=(606) unmap
125 7050225
+1 2820090
+1 4230135
cfn=(552)
calls=1410045 14 
* 12690405
+2 7050225
+1 11280360
cfi=(129)
cfn=(608)
calls=1410045 30 
* 448662311
+2 7050225
+1 4230135

fn=(568) nand
103 30071230
+1 8591780
+1 12887670
cfn=(552)
calls=4295890 -91 
* 38663010
+1 12887670
cfn=(552)
calls=4295890 -92 
* 38663010
+1 12887670
cfn=(552)
calls=4295890 -93 
* 38663010
+1 51550680
+2 21479450
+1 12887670

fn=(574) map
115 8489004
+1 2829668
+1 4244502
cfn=(552)
calls=1414834 14 
* 12733506
+1 4244502
cfn=(552)
calls=1414834 14 
* 12733506
+1 11318672
cfi=(129)
cfn=(576)
calls=1414834 7 
* 609197872
* 5659336
+2 7074170
+1 4244502

fn=(618) output
136 905
+1 362
+1 543
cfn=(552)
calls=181 14 
* 1629
+3 905
+1 905
cob=(3)
cfi=(130)
cfn=(624)
calls=180 25 
* 16991
cob=(1)
cfi=(95)
cfn=(360)
calls=1 -71 
* 1193
* 185
+2 905
+1 543

fn=(552)
14 729191072
+1 364595536
+1 546893304

fn=(604) divide
89 1192352
+1 340672
+1 511008
cfn=(552)
calls=170336 -77 
* 1533024
+1 511008
cfn=(552)
calls=170336 -78 
* 1533024
+1 511008
cfn=(552)
calls=170336 -79 
* 1533024
+2 851680
+1 2044032
+2 851680
+1 511008

fn=(562) seg_store
51 113405236
+1 32401496
+1 48602244
cfn=(552)
calls=16200748 -39 
* 145806732
+1 48602244
cfn=(552)
calls=16200748 -40 
* 145806732
+1 48602244
cfn=(552)
calls=16200748 -41 
* 145806732
+3 145806732
cfi=(124)
cfn=(564)
calls=16200748 -4 
* 518423936
* 16200748
+2 113405236
cfi=(111)
cfn=(484)
calls=16200748 -35 
* 437420196
* 16200748
+1 81003740
+2 81003740
+1 48602244

fn=(570) add
67 21987280
+1 6282080
+1 9423120
cfn=(552)
calls=3141040 -55 
* 28269360
+1 9423120
cfn=(552)
calls=3141040 -56 
* 28269360
+1 9423120
cfn=(552)
calls=3141040 -57 
* 28269360
+1 31410400
+2 15705200
+1 9423120

fn=(572) cmov
20 19224933
+1 5492838
+1 8239257
cfn=(552)
calls=2746419 -8 
* 24717771
+1 8239257
cfn=(552)
calls=2746419 -9 
* 24717771
+1 8239257
cfn=(552)
calls=2746419 -10 
* 24717771
+1 13732095
+1 14773380
+3 12311150
+1 7386690
-1 1420945
+1 852567

fn=(550) load_val
181 195322200
+1 65107400
+1 97661100
cfn=(552)
calls=32553700 14 
* 292983300
+1 130214800
+2 162768500
+1 97661100

fn=(566) seg_load
34 136229128
+1 38922608
+1 58383912
cfn=(552)
calls=19461304 -22 
* 175151736
+1 58383912
cfn=(552)
calls=19461304 -23 
* 175151736
+1 58383912
cfn=(552)
calls=19461304 -24 
* 175151736
+3 175151736
cfi=(124)
cfn=(564)
calls=19461304 +13 
* 622761728
* 19461304
+2 136229128
cfi=(111)
cfn=(484)
calls=19461304 -18 
* 525455208
* 19461304
+1 97306520
+2 97306520
+1 58383912

fl=(123)
fn=(540)
33 6
+1 1
+1 1
+6 7
cfi=(111)
cfn=(484)
calls=1 -16 
* 27
* 595493647
cfi=(111)
cfn=(484)
calls=85070521 -16 
* 2296904067
* 85070522
+2 340282088
cfi=(127)
cfn=(542)
calls=85070522 -19 
* 2722256704
* 85070522
+2 850705220
+2 10985676
cfi=(127)
cfn=(554)
calls=2746419 -8 
* 87885408
* 13732095
cfi=(127)
cfn=(556)
calls=2746419 -13 
* 87885408
* 13732095
cfi=(127)
cfn=(560)
calls=2746419 -18 
* 87885408
* 16478514
cfi=(128)
cfn=(572)
calls=2746419 -27 
* 174065682
+1 2746419
+2 77845216
cfi=(127)
cfn=(554)
calls=19461304 -11 
* 622761728
* 97306520
cfi=(127)
cfn=(556)
calls=19461304 -16 
* 622761728
* 97306520
cfi=(127)
cfn=(560)
calls=19461304 -21 
* 622761728
* 116767824
cfi=(128)
cfn=(566)
calls=19461304 -16 
* 2627276040
+2 19461304
+2 64802992
cfi=(127)
cfn=(554)
calls=16200748 -15 
* 518423936
* 81003740
cfi=(127)
cfn=(556)
calls=16200748 -20 
* 518423936
* 81003740
cfi=(127)
cfn=(560)
calls=16200748 -25 
* 518423936
* 97204488
cfi=(128)
cfn=(562)
calls=16200748 -3 
* 2187100980
+2 16200748
+2 12564160
cfi=(127)
cfn=(554)
calls=3141040 -19 
* 100513280
* 15705200
cfi=(127)
cfn=(556)
calls=3141040 -24 
* 100513280
* 15705200
cfi=(127)
cfn=(560)
calls=3141040 -29 
* 100513280
* 18846240
cfi=(128)
cfn=(570)
calls=3141040 +9 
* 197885520
+1 3141040
+2 419660
cfi=(127)
cfn=(554)
calls=104915 -22 
* 3357280
* 524575
cfi=(127)
cfn=(556)
calls=104915 -27 
* 3357280
* 524575
cfi=(127)
cfn=(560)
calls=104915 -32 
* 3357280
* 629490
cfi=(128)
cfn=(602)
calls=104915 +17 
* 6609645
+2 104915
+2 681344
cfi=(127)
cfn=(554)
calls=170336 -26 
* 5450752
* 851680
cfi=(127)
cfn=(556)
calls=170336 -31 
* 5450752
* 851680
cfi=(127)
cfn=(560)
calls=170336 -36 
* 5450752
* 1022016
cfi=(128)
cfn=(604)
calls=170336 +24 
* 11923520
+1 170336
+2 17183560
cfi=(127)
cfn=(554)
calls=4295890 -29 
* 137468480
* 21479450
cfi=(127)
cfn=(556)
calls=4295890 -34 
* 137468480
* 21479450
cfi=(127)
cfn=(560)
calls=4295890 -39 
* 137468480
* 25775340
cfi=(128)
cfn=(568)
calls=4295890 +35 
* 279232850
+1 4295890
+3 3
cfn=(646) UM_free
calls=1 +29 
* 4196474
+1 2
cob=(1)
cfi=(95)
cfn=(360)
calls=1 -2 
* 2007
* 5
+3 5659336
cfi=(127)
cfn=(554)
calls=1414834 -37 
* 45274688
* 7074170
cfi=(127)
cfn=(556)
calls=1414834 -42 
* 45274688
* 8489004
cfi=(128)
cfn=(574)
calls=1414834 +39 
* 682769240
+1 1414834
+2 5640180
cfi=(127)
cfn=(554)
calls=1410045 -40 
* 45121440
* 7050225
cfi=(128)
cfn=(606)
calls=1410045 +46 
* 505064111
+1 1410045
+2 724
cfi=(127)
cfn=(554)
calls=181 -43 
* 5792
* 905
cfi=(128)
cfn=(618)
calls=181 +54 
* 25066
+1 181
+5 14284436
cfi=(127)
cfn=(554)
calls=3571109 -49 
* 114275488
* 17855545
cfi=(127)
cfn=(556)
calls=3571109 -54 
* 114275488
* 21426654
cfi=(128)
cfn=(558)
calls=3571109 +73 
* 160699905
+1 3571109
+2 130214800
cfi=(127)
cfn=(546)
calls=32553700 -42 
* 1041718400
* 162768500
cfi=(127)
cfn=(548)
calls=32553700 -47 
* 1041718400
* 195322200
cfi=(128)
cfn=(550)
calls=32553700 +90 
* 1041718400
+1 32553700
-51 85070521

fn=(646)
101 7
+1 7
+2 4
+2 1
+1 3
cfi=(124)
cfn=(578)
calls=1 -57 
* 10
* 3
+1 105240
cfi=(124)
cfn=(564)
calls=21048 -54 
* 673536
* 21048
+1 63144
cfi=(111)
cfn=(474)
calls=21048 -93 
* 1357939
-2 105245
+5 3
cfi=(124)
cfn=(648)
calls=1 -67 
* 247
+2 5
cfi=(126)
cfn=(654)
calls=1 -68 
* 1869916
+2 6
cfi=(112)
cfn=(476)
calls=1 -80 
* 102
* 2
+1 6

fn=(524)
16 4
+1 2
+3 5
cfi=(112)
cfn=(424)
calls=1 +2 
* 508
* 1
+2 2
cfi=(124)
cfn=(526)
calls=1 +4 
* 1309
* 3
+2 6
cfi=(124)
cfn=(536)
calls=1 +65 
* 39
+2 1
cfi=(126)
cfn=(538)
calls=1 -12 
* 74
* 3
+2 3
+1 1
+1 2

totals: 23405087411
